product_id,product_name,brand,category,subcategory,price,currency,discount_percent,discounted_price,rating,reviews_count,popularity_score,stock_status,date_added,description
P100000,iPhone 13,Apple,Electronics,Smartphone,65372,INR,57,28109.96,3.7,3050,11285.0,Limited Stock,2025-10-17,Apple iPhone 13 is a premium smartphone designed for performance and comfort.
P100001,Zara Shirt,Zara,Fashion,Shirt,2616,INR,55,1177.2,4.1,4699,19265.9,Out of Stock,2026-03-22,Zara Zara Shirt is a premium shirt designed for performance and comfort.
P100002,RayBan Sunglasses,RayBan,Accessories,Sunglasses,1305,INR,58,548.1,3.6,1700,6120.0,In Stock,2025-07-12,RayBan RayBan Sunglasses is a premium sunglasses designed for performance and comfort.
P100003,Puma Sneakers,Puma,Footwear,Sneakers,7471,INR,60,2988.4,3.5,860,3010.0,In Stock,2026-04-12,Puma Puma Sneakers is a premium sneakers designed for performance and comfort.
P100004,Nike T-shirt,Nike,Fashion,T-shirt,1305,INR,37,822.15,3.9,138,538.2,Limited Stock,2025-10-30,Nike Nike T-shirt is a premium t-shirt designed for performance and comfort.
P100005,iPhone 13,Apple,Electronics,Smartphone,74501,INR,44,41720.56,3.5,1559,5456.5,Limited Stock,2025-12-04,Apple iPhone 13 is a premium smartphone designed for performance and comfort.
P100006,Fossil Watch,Fossil,Accessories,Watch,2959,INR,47,1568.27,4.2,3007,12629.4,Limited Stock,2025-06-21,Fossil Fossil Watch is a premium watch designed for performance and comfort.
P100007,Reebok Shoes,Reebok,Footwear,Training Shoes,3990,INR,57,1715.7,3.8,49,186.2,In Stock,2024-06-20,Reebok Reebok Shoes is a premium training shoes designed for performance and comfort.
P100008,iPhone 13,Apple,Electronics,Smartphone,26067,INR,41,15379.53,4.0,3293,13172.0,Limited Stock,2025-07-19,Apple iPhone 13 is a premium smartphone designed for performance and comfort.
P100009,Wildcraft Backpack,Wildcraft,Accessories,Backpack,3246,INR,65,1136.1,4.9,2903,14224.7,In Stock,2025-04-26,Wildcraft Wildcraft Backpack is a premium backpack designed for performance and comfort.
P100010,Adidas Hoodie,Adidas,Fashion,Hoodie,2627,INR,34,1733.82,5.0,1831,9155.0,Limited Stock,2026-01-16,Adidas Adidas Hoodie is a premium hoodie designed for performance and comfort.
P100011,Wildcraft Backpack,Wildcraft,Accessories,Backpack,3135,INR,63,1159.95,3.7,3264,12076.8,Limited Stock,2024-09-26,Wildcraft Wildcraft Backpack is a premium backpack designed for performance and comfort.
P100012,OnePlus 11,OnePlus,Electronics,Smartphone,22133,INR,50,11066.5,4.1,1316,5395.6,In Stock,2025-08-25,OnePlus OnePlus 11 is a premium smartphone designed for performance and comfort.
P100013,Zara Shirt,Zara,Fashion,Shirt,3839,INR,45,2111.45,4.2,1331,5590.2,Limited Stock,2025-01-28,Zara Zara Shirt is a premium shirt designed for performance and comfort.
P100014,Wildcraft Backpack,Wildcraft,Accessories,Backpack,2326,INR,62,883.88,4.9,2264,11093.6,Out of Stock,2025-03-05,Wildcraft Wildcraft Backpack is a premium backpack designed for performance and comfort.
P100015,Reebok Shoes,Reebok,Footwear,Training Shoes,6484,INR,21,5122.36,3.5,1908,6678.0,Out of Stock,2024-05-01,Reebok Reebok Shoes is a premium training shoes designed for performance and comfort.
P100016,Sony Headphones,Sony,Electronics,Headphones,46792,INR,54,21524.32,4.2,4002,16808.4,Limited Stock,2024-07-22,Sony Sony Headphones is a premium headphones designed for performance and comfort.
P100017,Levi's Jeans,Levi's,Fashion,Jeans,2698,INR,21,2131.42,4.6,3783,17401.8,Limited Stock,2025-09-22,Levi's Levi's Jeans is a premium jeans designed for performance and comfort.
P100018,Reebok Shoes,Reebok,Footwear,Training Shoes,8710,INR,67,2874.3,4.6,3696,17001.6,Out of Stock,2026-04-10,Reebok Reebok Shoes is a premium training shoes designed for performance and comfort.
P100019,OnePlus 11,OnePlus,Electronics,Smartphone,46979,INR,31,32415.51,4.2,3372,14162.4,Out of Stock,2025-10-05,OnePlus OnePlus 11 is a premium smartphone designed for performance and comfort.
P100020,American Tourister Bag,American Tourister,Accessories,Travel Bag,904,INR,34,596.64,3.9,2892,11278.8,In Stock,2024-05-23,American Tourister American Tourister Bag is a premium travel bag designed for performance and comfort.
P100021,OnePlus 11,OnePlus,Electronics,Smartphone,26241,INR,34,17319.06,4.0,1719,6876.0,Limited Stock,2024-12-06,OnePlus OnePlus 11 is a premium smartphone designed for performance and comfort.
P100022,RayBan Sunglasses,RayBan,Accessories,Sunglasses,360,INR,37,226.8,4.4,466,2050.4,In Stock,2024-12-27,RayBan RayBan Sunglasses is a premium sunglasses designed for performance and comfort.
P100023,RayBan Sunglasses,RayBan,Accessories,Sunglasses,2216,INR,14,1905.76,3.6,863,3106.8,In Stock,2025-12-26,RayBan RayBan Sunglasses is a premium sunglasses designed for performance and comfort.
P100024,Nike T-shirt,Nike,Fashion,T-shirt,2845,INR,36,1820.8,3.8,4928,18726.4,In Stock,2025-03-23,Nike Nike T-shirt is a premium t-shirt designed for performance and comfort.
P100025,iPhone 13,Apple,Electronics,Smartphone,17120,INR,20,13696.0,3.3,467,1541.1,Limited Stock,2025-08-30,Apple iPhone 13 is a premium smartphone designed for performance and comfort.
P100026,HP Pavilion,HP,Electronics,Laptop,45043,INR,54,20719.78,3.4,1492,5072.8,In Stock,2025-03-28,HP HP Pavilion is a premium laptop designed for performance and comfort.
P100027,Boat Earbuds,Boat,Electronics,Earbuds,18952,INR,13,16488.24,3.4,1854,6303.6,Limited Stock,2024-08-09,Boat Boat Earbuds is a premium earbuds designed for performance and comfort.
P100028,American Tourister Bag,American Tourister,Accessories,Travel Bag,6798,INR,24,5166.48,3.7,2079,7692.3,In Stock,2025-12-25,American Tourister American Tourister Bag is a premium travel bag designed for performance and comfort.
P100029,Adidas Hoodie,Adidas,Fashion,Hoodie,1253,INR,38,776.86,4.4,4304,18937.6,Out of Stock,2025-09-02,Adidas Adidas Hoodie is a premium hoodie designed for performance and comfort.
P100030,iPhone 13,Apple,Electronics,Smartphone,20494,INR,9,18649.54,4.9,4780,23422.0,In Stock,2024-07-06,Apple iPhone 13 is a premium smartphone designed for performance and comfort.
P100031,Reebok Shoes,Reebok,Footwear,Training Shoes,8213,INR,45,4517.15,3.4,54,183.6,Out of Stock,2024-08-13,Reebok Reebok Shoes is a premium training shoes designed for performance and comfort.
P100032,Nike Air Max,Nike,Footwear,Sneakers,1231,INR,70,369.3,3.5,4958,17353.0,Limited Stock,2026-04-10,Nike Nike Air Max is a premium sneakers designed for performance and comfort.
P100033,Nike T-shirt,Nike,Fashion,T-shirt,3010,INR,57,1294.3,4.6,1888,8684.8,In Stock,2025-05-13,Nike Nike T-shirt is a premium t-shirt designed for performance and comfort.
P100034,Puma Jacket,Puma,Fashion,Jacket,4400,INR,37,2772.0,4.7,1263,5936.1,Out of Stock,2024-06-18,Puma Puma Jacket is a premium jacket designed for performance and comfort.
P100035,Wildcraft Backpack,Wildcraft,Accessories,Backpack,6710,INR,48,3489.2,3.2,3951,12643.2,Out of Stock,2025-06-28,Wildcraft Wildcraft Backpack is a premium backpack designed for performance and comfort.
P100036,Samsung Galaxy S21,Samsung,Electronics,Smartphone,37795,INR,57,16251.85,4.1,4452,18253.2,Limited Stock,2026-01-08,Samsung Samsung Galaxy S21 is a premium smartphone designed for performance and comfort.
P100037,Adidas Ultraboost,Adidas,Footwear,Running Shoes,6248,INR,6,5873.12,3.5,3602,12607.0,Out of Stock,2024-05-05,Adidas Adidas Ultraboost is a premium running shoes designed for performance and comfort.
P100038,Reebok Shoes,Reebok,Footwear,Training Shoes,1280,INR,33,857.6,3.7,2247,8313.9,Limited Stock,2025-01-04,Reebok Reebok Shoes is a premium training shoes designed for performance and comfort.
P100039,RayBan Sunglasses,RayBan,Accessories,Sunglasses,3489,INR,31,2407.41,4.2,198,831.6,Out of Stock,2024-11-17,RayBan RayBan Sunglasses is a premium sunglasses designed for performance and comfort.
P100040,Fossil Watch,Fossil,Accessories,Watch,4705,INR,13,4093.35,3.3,4375,14437.5,Limited Stock,2024-05-10,Fossil Fossil Watch is a premium watch designed for performance and comfort.
P100041,RayBan Sunglasses,RayBan,Accessories,Sunglasses,1246,INR,66,423.64,4.7,4811,22611.7,In Stock,2025-10-21,RayBan RayBan Sunglasses is a premium sunglasses designed for performance and comfort.
P100042,Sony Headphones,Sony,Electronics,Headphones,65836,INR,63,24359.32,4.8,1092,5241.6,In Stock,2026-03-12,Sony Sony Headphones is a premium headphones designed for performance and comfort.
P100043,H&M Sweatshirt,H&M,Fashion,Sweatshirt,2024,INR,19,1639.44,4.3,374,1608.2,In Stock,2024-09-16,H&M H&M Sweatshirt is a premium sweatshirt designed for performance and comfort.
P100044,Zara Shirt,Zara,Fashion,Shirt,2317,INR,16,1946.28,4.9,1674,8202.6,Out of Stock,2025-01-29,Zara Zara Shirt is a premium shirt designed for performance and comfort.
P100045,Nike Air Max,Nike,Footwear,Sneakers,6471,INR,20,5176.8,4.0,3168,12672.0,Out of Stock,2026-04-02,Nike Nike Air Max is a premium sneakers designed for performance and comfort.
P100046,Zara Shirt,Zara,Fashion,Shirt,877,INR,57,377.11,3.3,4420,14586.0,In Stock,2025-10-24,Zara Zara Shirt is a premium shirt designed for performance and comfort.
P100047,Nike Air Max,Nike,Footwear,Sneakers,3630,INR,13,3158.1,5.0,2640,13200.0,Out of Stock,2025-05-03,Nike Nike Air Max is a premium sneakers designed for performance and comfort.
P100048,Adidas Hoodie,Adidas,Fashion,Hoodie,965,INR,42,559.7,3.3,3273,10800.9,In Stock,2024-06-26,Adidas Adidas Hoodie is a premium hoodie designed for performance and comfort.
P100049,RayBan Sunglasses,RayBan,Accessories,Sunglasses,426,INR,41,251.34,4.2,2459,10327.8,In Stock,2025-04-15,RayBan RayBan Sunglasses is a premium sunglasses designed for performance and comfort.
P100050,Sony Headphones,Sony,Electronics,Headphones,57796,INR,20,46236.8,4.5,1377,6196.5,In Stock,2024-10-14,Sony Sony Headphones is a premium headphones designed for performance and comfort.
P100051,RayBan Sunglasses,RayBan,Accessories,Sunglasses,3869,INR,44,2166.64,4.7,1201,5644.7,In Stock,2026-04-30,RayBan RayBan Sunglasses is a premium sunglasses designed for performance and comfort.
P100052,OnePlus 11,OnePlus,Electronics,Smartphone,40674,INR,41,23997.66,3.3,3087,10187.1,Limited Stock,2024-07-22,OnePlus OnePlus 11 is a premium smartphone designed for performance and comfort.
P100053,Nike Air Max,Nike,Footwear,Sneakers,3992,INR,53,1876.24,4.8,4583,21998.4,Limited Stock,2026-04-28,Nike Nike Air Max is a premium sneakers designed for performance and comfort.
P100054,Wildcraft Backpack,Wildcraft,Accessories,Backpack,2205,INR,60,882.0,3.8,1917,7284.6,Out of Stock,2025-10-21,Wildcraft Wildcraft Backpack is a premium backpack designed for performance and comfort.
P100055,Nike T-shirt,Nike,Fashion,T-shirt,4573,INR,52,2195.04,4.5,2135,9607.5,Out of Stock,2025-10-16,Nike Nike T-shirt is a premium t-shirt designed for performance and comfort.
P100056,Adidas Hoodie,Adidas,Fashion,Hoodie,4316,INR,8,3970.72,3.8,4551,17293.8,Out of Stock,2026-02-24,Adidas Adidas Hoodie is a premium hoodie designed for performance and comfort.
P100057,Reebok Shoes,Reebok,Footwear,Training Shoes,1880,INR,53,883.6,3.4,1076,3658.4,Limited Stock,2026-01-18,Reebok Reebok Shoes is a premium training shoes designed for performance and comfort.
P100058,Levi's Jeans,Levi's,Fashion,Jeans,1254,INR,23,965.58,3.6,2629,9464.4,Out of Stock,2025-06-19,Levi's Levi's Jeans is a premium jeans designed for performance and comfort.
P100059,RayBan Sunglasses,RayBan,Accessories,Sunglasses,698,INR,58,293.16,4.4,1942,8544.8,In Stock,2025-07-28,RayBan RayBan Sunglasses is a premium sunglasses designed for performance and comfort.
P100060,Nike Air Max,Nike,Footwear,Sneakers,7004,INR,61,2731.56,4.6,778,3578.8,Out of Stock,2025-03-01,Nike Nike Air Max is a premium sneakers designed for performance and comfort.
P100061,OnePlus 11,OnePlus,Electronics,Smartphone,75889,INR,49,38703.39,4.6,1127,5184.2,In Stock,2024-10-03,OnePlus OnePlus 11 is a premium smartphone designed for performance and comfort.
P100062,RayBan Sunglasses,RayBan,Accessories,Sunglasses,3417,INR,29,2426.07,3.6,4950,17820.0,In Stock,2025-11-23,RayBan RayBan Sunglasses is a premium sunglasses designed for performance and comfort.
P100063,Puma Jacket,Puma,Fashion,Jacket,3092,INR,67,1020.36,3.8,1875,7125.0,Limited Stock,2025-11-07,Puma Puma Jacket is a premium jacket designed for performance and comfort.
P100064,Reebok Shoes,Reebok,Footwear,Training Shoes,5897,INR,6,5543.18,4.7,3968,18649.6,Out of Stock,2025-03-16,Reebok Reebok Shoes is a premium training shoes designed for performance and comfort.
P100065,Adidas Ultraboost,Adidas,Footwear,Running Shoes,6514,INR,33,4364.38,4.9,333,1631.7,Out of Stock,2025-09-04,Adidas Adidas Ultraboost is a premium running shoes designed for performance and comfort.
P100066,Fossil Watch,Fossil,Accessories,Watch,3720,INR,70,1116.0,3.2,469,1500.8,Limited Stock,2026-02-06,Fossil Fossil Watch is a premium watch designed for performance and comfort.
P100067,Adidas Hoodie,Adidas,Fashion,Hoodie,4013,INR,46,2167.02,4.8,4008,19238.4,Out of Stock,2025-01-13,Adidas Adidas Hoodie is a premium hoodie designed for performance and comfort.
P100068,Levi's Jeans,Levi's,Fashion,Jeans,3077,INR,18,2523.14,4.5,3543,15943.5,Limited Stock,2026-02-18,Levi's Levi's Jeans is a premium jeans designed for performance and comfort.
P100069,Nike Air Max,Nike,Footwear,Sneakers,3663,INR,10,3296.7,3.5,297,1039.5,Out of Stock,2025-12-30,Nike Nike Air Max is a premium sneakers designed for performance and comfort.
P100070,RayBan Sunglasses,RayBan,Accessories,Sunglasses,5663,INR,62,2151.94,4.9,4087,20026.3,Limited Stock,2025-02-19,RayBan RayBan Sunglasses is a premium sunglasses designed for performance and comfort.
P100071,Nike Air Max,Nike,Footwear,Sneakers,7647,INR,15,6499.95,3.4,3319,11284.6,Limited Stock,2025-03-28,Nike Nike Air Max is a premium sneakers designed for performance and comfort.
P100072,Adidas Ultraboost,Adidas,Footwear,Running Shoes,2450,INR,54,1127.0,4.0,568,2272.0,In Stock,2025-05-30,Adidas Adidas Ultraboost is a premium running shoes designed for performance and comfort.
P100073,Fossil Watch,Fossil,Accessories,Watch,6131,INR,60,2452.4,4.0,1664,6656.0,Out of Stock,2025-05-15,Fossil Fossil Watch is a premium watch designed for performance and comfort.
P100074,HP Pavilion,HP,Electronics,Laptop,60518,INR,34,39941.88,3.5,3544,12404.0,In Stock,2025-01-26,HP HP Pavilion is a premium laptop designed for performance and comfort.
P100075,H&M Sweatshirt,H&M,Fashion,Sweatshirt,3949,INR,50,1974.5,4.4,3822,16816.8,Limited Stock,2024-08-07,H&M H&M Sweatshirt is a premium sweatshirt designed for performance and comfort.
P100076,H&M Sweatshirt,H&M,Fashion,Sweatshirt,4259,INR,44,2385.04,3.2,4987,15958.4,Limited Stock,2025-08-05,H&M H&M Sweatshirt is a premium sweatshirt designed for performance and comfort.
P100077,Adidas Hoodie,Adidas,Fashion,Hoodie,2329,INR,37,1467.27,4.5,4027,18121.5,Out of Stock,2024-07-06,Adidas Adidas Hoodie is a premium hoodie designed for performance and comfort.
P100078,HP Pavilion,HP,Electronics,Laptop,63650,INR,22,49647.0,3.6,2039,7340.4,Out of Stock,2025-11-11,HP HP Pavilion is a premium laptop designed for performance and comfort.
P100079,Puma Sneakers,Puma,Footwear,Sneakers,1688,INR,70,506.4,4.9,745,3650.5,Limited Stock,2025-12-31,Puma Puma Sneakers is a premium sneakers designed for performance and comfort.
P100080,RayBan Sunglasses,RayBan,Accessories,Sunglasses,3952,INR,31,2726.88,3.4,1749,5946.6,In Stock,2026-04-03,RayBan RayBan Sunglasses is a premium sunglasses designed for performance and comfort.
P100081,Boat Earbuds,Boat,Electronics,Earbuds,12240,INR,49,6242.4,4.8,1935,9288.0,Out of Stock,2024-05-13,Boat Boat Earbuds is a premium earbuds designed for performance and comfort.
P100082,Puma Jacket,Puma,Fashion,Jacket,4535,INR,67,1496.55,4.6,687,3160.2,Limited Stock,2026-03-13,Puma Puma Jacket is a premium jacket designed for performance and comfort.
P100083,Wildcraft Backpack,Wildcraft,Accessories,Backpack,384,INR,57,165.12,3.9,778,3034.2,Limited Stock,2025-03-19,Wildcraft Wildcraft Backpack is a premium backpack designed for performance and comfort.
P100084,Boat Earbuds,Boat,Electronics,Earbuds,73383,INR,32,49900.44,3.3,2463,8127.9,Limited Stock,2025-11-14,Boat Boat Earbuds is a premium earbuds designed for performance and comfort.
P100085,Samsung Galaxy S21,Samsung,Electronics,Smartphone,66164,INR,68,21172.48,3.6,4018,14464.8,Out of Stock,2024-10-25,Samsung Samsung Galaxy S21 is a premium smartphone designed for performance and comfort.
P100086,RayBan Sunglasses,RayBan,Accessories,Sunglasses,5544,INR,21,4379.76,3.9,3145,12265.5,In Stock,2025-05-23,RayBan RayBan Sunglasses is a premium sunglasses designed for performance and comfort.
P100087,Puma Sneakers,Puma,Footwear,Sneakers,9860,INR,11,8775.4,4.6,4905,22563.0,In Stock,2026-01-29,Puma Puma Sneakers is a premium sneakers designed for performance and comfort.
P100088,Puma Sneakers,Puma,Footwear,Sneakers,1213,INR,24,921.88,4.0,1105,4420.0,Out of Stock,2025-04-07,Puma Puma Sneakers is a premium sneakers designed for performance and comfort.
P100089,American Tourister Bag,American Tourister,Accessories,Travel Bag,3035,INR,30,2124.5,4.6,3386,15575.6,Limited Stock,2025-11-23,American Tourister American Tourister Bag is a premium travel bag designed for performance and comfort.
P100090,Fossil Watch,Fossil,Accessories,Watch,6061,INR,60,2424.4,4.7,1113,5231.1,Out of Stock,2024-08-31,Fossil Fossil Watch is a premium watch designed for performance and comfort.
P100091,OnePlus 11,OnePlus,Electronics,Smartphone,67494,INR,69,20923.14,4.0,3430,13720.0,In Stock,2025-09-24,OnePlus OnePlus 11 is a premium smartphone designed for performance and comfort.
P100092,Reebok Shoes,Reebok,Footwear,Training Shoes,1356,INR,11,1206.84,4.5,2718,12231.0,Limited Stock,2024-07-16,Reebok Reebok Shoes is a premium training shoes designed for performance and comfort.
P100093,Reebok Shoes,Reebok,Footwear,Training Shoes,8658,INR,49,4415.58,4.7,2330,10951.0,In Stock,2024-08-24,Reebok Reebok Shoes is a premium training shoes designed for performance and comfort.
P100094,HP Pavilion,HP,Electronics,Laptop,70124,INR,23,53995.48,4.5,3786,17037.0,In Stock,2025-03-11,HP HP Pavilion is a premium laptop designed for performance and comfort.
P100095,Puma Jacket,Puma,Fashion,Jacket,1563,INR,57,672.09,3.7,1605,5938.5,In Stock,2025-10-17,Puma Puma Jacket is a premium jacket designed for performance and comfort.
P100096,Nike Air Max,Nike,Footwear,Sneakers,7462,INR,67,2462.46,4.3,463,1990.9,In Stock,2026-03-11,Nike Nike Air Max is a premium sneakers designed for performance and comfort.
P100097,Wildcraft Backpack,Wildcraft,Accessories,Backpack,3369,INR,48,1751.88,3.7,525,1942.5,Limited Stock,2024-06-15,Wildcraft Wildcraft Backpack is a premium backpack designed for performance and comfort.
P100098,H&M Sweatshirt,H&M,Fashion,Sweatshirt,2976,INR,61,1160.64,5.0,3766,18830.0,Limited Stock,2025-05-01,H&M H&M Sweatshirt is a premium sweatshirt designed for performance and comfort.
P100099,Boat Earbuds,Boat,Electronics,Earbuds,24973,INR,30,17481.1,3.7,897,3318.9,Out of Stock,2025-02-06,Boat Boat Earbuds is a premium earbuds designed for performance and comfort.
P100100,American Tourister Bag,American Tourister,Accessories,Travel Bag,4641,INR,43,2645.37,3.4,4107,13963.8,Out of Stock,2024-12-01,American Tourister American Tourister Bag is a premium travel bag designed for performance and comfort.
P100101,Zara Shirt,Zara,Fashion,Shirt,2759,INR,32,1876.12,3.6,3060,11016.0,Out of Stock,2026-03-03,Zara Zara Shirt is a premium shirt designed for performance and comfort.
P100102,iPhone 13,Apple,Electronics,Smartphone,50478,INR,64,18172.08,4.8,3668,17606.4,Limited Stock,2024-10-26,Apple iPhone 13 is a premium smartphone designed for performance and comfort.
P100103,Adidas Ultraboost,Adidas,Footwear,Running Shoes,6625,INR,49,3378.75,4.1,592,2427.2,Out of Stock,2026-04-22,Adidas Adidas Ultraboost is a premium running shoes designed for performance and comfort.
P100104,Wildcraft Backpack,Wildcraft,Accessories,Backpack,3418,INR,39,2084.98,3.9,3559,13880.1,Limited Stock,2025-04-10,Wildcraft Wildcraft Backpack is a premium backpack designed for performance and comfort.
P100105,Wildcraft Backpack,Wildcraft,Accessories,Backpack,5193,INR,22,4050.54,4.1,476,1951.6,Limited Stock,2025-10-09,Wildcraft Wildcraft Backpack is a premium backpack designed for performance and comfort.
P100106,Samsung Galaxy S21,Samsung,Electronics,Smartphone,25400,INR,47,13462.0,3.2,2754,8812.8,Limited Stock,2026-02-23,Samsung Samsung Galaxy S21 is a premium smartphone designed for performance and comfort.
P100107,Puma Jacket,Puma,Fashion,Jacket,4277,INR,22,3336.06,3.4,1735,5899.0,In Stock,2026-03-13,Puma Puma Jacket is a premium jacket designed for performance and comfort.
P100108,Wildcraft Backpack,Wildcraft,Accessories,Backpack,4241,INR,39,2587.01,4.6,1440,6624.0,In Stock,2024-05-17,Wildcraft Wildcraft Backpack is a premium backpack designed for performance and comfort.
P100109,Puma Sneakers,Puma,Footwear,Sneakers,6134,INR,69,1901.54,3.6,3044,10958.4,Out of Stock,2025-04-05,Puma Puma Sneakers is a premium sneakers designed for performance and comfort.
P100110,Nike Air Max,Nike,Footwear,Sneakers,5080,INR,52,2438.4,3.9,544,2121.6,Out of Stock,2025-05-18,Nike Nike Air Max is a premium sneakers designed for performance and comfort.
P100111,Fossil Watch,Fossil,Accessories,Watch,6704,INR,7,6234.72,3.9,2512,9796.8,In Stock,2024-09-20,Fossil Fossil Watch is a premium watch designed for performance and comfort.
P100112,Adidas Ultraboost,Adidas,Footwear,Running Shoes,8102,INR,46,4375.08,3.4,469,1594.6,Out of Stock,2024-06-26,Adidas Adidas Ultraboost is a premium running shoes designed for performance and comfort.
P100113,RayBan Sunglasses,RayBan,Accessories,Sunglasses,4074,INR,30,2851.8,4.7,3478,16346.6,In Stock,2025-02-26,RayBan RayBan Sunglasses is a premium sunglasses designed for performance and comfort.
P100114,HP Pavilion,HP,Electronics,Laptop,11077,INR,42,6424.66,4.3,74,318.2,Limited Stock,2026-01-10,HP HP Pavilion is a premium laptop designed for performance and comfort.
P100115,Nike Air Max,Nike,Footwear,Sneakers,6053,INR,50,3026.5,4.9,1226,6007.4,In Stock,2026-02-06,Nike Nike Air Max is a premium sneakers designed for performance and comfort.
P100116,Wildcraft Backpack,Wildcraft,Accessories,Backpack,1405,INR,56,618.2,4.6,3036,13965.6,In Stock,2024-06-14,Wildcraft Wildcraft Backpack is a premium backpack designed for performance and comfort.
P100117,American Tourister Bag,American Tourister,Accessories,Travel Bag,3317,INR,68,1061.44,4.5,4132,18594.0,Limited Stock,2026-01-08,American Tourister American Tourister Bag is a premium travel bag designed for performance and comfort.
P100118,Nike Air Max,Nike,Footwear,Sneakers,8776,INR,24,6669.76,4.1,1602,6568.2,In Stock,2025-10-10,Nike Nike Air Max is a premium sneakers designed for performance and comfort.
P100119,American Tourister Bag,American Tourister,Accessories,Travel Bag,533,INR,10,479.7,3.9,4893,19082.7,In Stock,2025-06-14,American Tourister American Tourister Bag is a premium travel bag designed for performance and comfort.
P100120,Boat Earbuds,Boat,Electronics,Earbuds,62325,INR,45,34278.75,4.8,3262,15657.6,In Stock,2026-02-09,Boat Boat Earbuds is a premium earbuds designed for performance and comfort.
P100121,Nike Air Max,Nike,Footwear,Sneakers,5894,INR,45,3241.7,4.5,2037,9166.5,In Stock,2024-11-19,Nike Nike Air Max is a premium sneakers designed for performance and comfort.
P100122,Puma Sneakers,Puma,Footwear,Sneakers,1693,INR,67,558.69,3.9,371,1446.9,Limited Stock,2025-07-11,Puma Puma Sneakers is a premium sneakers designed for performance and comfort.
P100123,Samsung Galaxy S21,Samsung,Electronics,Smartphone,62768,INR,15,53352.8,4.0,3578,14312.0,Limited Stock,2025-10-11,Samsung Samsung Galaxy S21 is a premium smartphone designed for performance and comfort.
P100124,Fossil Watch,Fossil,Accessories,Watch,3429,INR,42,1988.82,3.6,641,2307.6,Limited Stock,2026-02-23,Fossil Fossil Watch is a premium watch designed for performance and comfort.
P100125,H&M Sweatshirt,H&M,Fashion,Sweatshirt,3198,INR,9,2910.18,4.2,4995,20979.0,Out of Stock,2026-01-31,H&M H&M Sweatshirt is a premium sweatshirt designed for performance and comfort.
P100126,Puma Jacket,Puma,Fashion,Jacket,4555,INR,51,2231.95,4.4,3409,14999.6,In Stock,2025-10-09,Puma Puma Jacket is a premium jacket designed for performance and comfort.
P100127,Dell Laptop,Dell,Electronics,Laptop,79156,INR,41,46702.04,4.5,1958,8811.0,In Stock,2024-12-26,Dell Dell Laptop is a premium laptop designed for performance and comfort.
P100128,HP Pavilion,HP,Electronics,Laptop,52294,INR,11,46541.66,4.5,1641,7384.5,Limited Stock,2025-10-09,HP HP Pavilion is a premium laptop designed for performance and comfort.
P100129,Wildcraft Backpack,Wildcraft,Accessories,Backpack,1338,INR,52,642.24,3.9,2143,8357.7,In Stock,2025-08-16,Wildcraft Wildcraft Backpack is a premium backpack designed for performance and comfort.
P100130,Wildcraft Backpack,Wildcraft,Accessories,Backpack,4366,INR,40,2619.6,4.1,4275,17527.5,In Stock,2024-05-18,Wildcraft Wildcraft Backpack is a premium backpack designed for performance and comfort.
P100131,American Tourister Bag,American Tourister,Accessories,Travel Bag,5679,INR,66,1930.86,3.9,1625,6337.5,In Stock,2024-05-06,American Tourister American Tourister Bag is a premium travel bag designed for performance and comfort.
P100132,Adidas Ultraboost,Adidas,Footwear,Running Shoes,5399,INR,46,2915.46,3.6,2890,10404.0,In Stock,2025-09-20,Adidas Adidas Ultraboost is a premium running shoes designed for performance and comfort.
P100133,OnePlus 11,OnePlus,Electronics,Smartphone,21582,INR,47,11438.46,4.0,2736,10944.0,Out of Stock,2025-05-24,OnePlus OnePlus 11 is a premium smartphone designed for performance and comfort.
P100134,OnePlus 11,OnePlus,Electronics,Smartphone,61307,INR,66,20844.38,3.3,4954,16348.2,Limited Stock,2024-12-29,OnePlus OnePlus 11 is a premium smartphone designed for performance and comfort.
P100135,Boat Earbuds,Boat,Electronics,Earbuds,62338,INR,40,37402.8,4.7,3899,18325.3,Out of Stock,2025-08-24,Boat Boat Earbuds is a premium earbuds designed for performance and comfort.
P100136,American Tourister Bag,American Tourister,Accessories,Travel Bag,2053,INR,36,1313.92,4.3,2366,10173.8,In Stock,2025-02-16,American Tourister American Tourister Bag is a premium travel bag designed for performance and comfort.
P100137,American Tourister Bag,American Tourister,Accessories,Travel Bag,1430,INR,59,586.3,4.8,2857,13713.6,In Stock,2025-07-13,American Tourister American Tourister Bag is a premium travel bag designed for performance and comfort.
P100138,Fossil Watch,Fossil,Accessories,Watch,1404,INR,6,1319.76,3.7,3936,14563.2,Limited Stock,2024-10-22,Fossil Fossil Watch is a premium watch designed for performance and comfort.
P100139,Wildcraft Backpack,Wildcraft,Accessories,Backpack,1118,INR,46,603.72,3.5,2553,8935.5,In Stock,2024-11-02,Wildcraft Wildcraft Backpack is a premium backpack designed for performance and comfort.
P100140,Puma Jacket,Puma,Fashion,Jacket,1924,INR,63,711.88,4.4,431,1896.4,Out of Stock,2024-08-26,Puma Puma Jacket is a premium jacket designed for performance and comfort.
P100141,Samsung Galaxy S21,Samsung,Electronics,Smartphone,19100,INR,29,13561.0,4.2,4595,19299.0,In Stock,2025-11-23,Samsung Samsung Galaxy S21 is a premium smartphone designed for performance and comfort.
P100142,Nike Air Max,Nike,Footwear,Sneakers,4120,INR,45,2266.0,4.3,4673,20093.9,Out of Stock,2026-02-19,Nike Nike Air Max is a premium sneakers designed for performance and comfort.
P100143,Wildcraft Backpack,Wildcraft,Accessories,Backpack,427,INR,30,298.9,4.6,423,1945.8,Out of Stock,2026-02-09,Wildcraft Wildcraft Backpack is a premium backpack designed for performance and comfort.
P100144,Reebok Shoes,Reebok,Footwear,Training Shoes,6139,INR,43,3499.23,3.4,4341,14759.4,Limited Stock,2024-07-08,Reebok Reebok Shoes is a premium training shoes designed for performance and comfort.
P100145,Nike Air Max,Nike,Footwear,Sneakers,6904,INR,33,4625.68,4.8,1461,7012.8,In Stock,2025-06-26,Nike Nike Air Max is a premium sneakers designed for performance and comfort.
P100146,HP Pavilion,HP,Electronics,Laptop,31925,INR,70,9577.5,4.7,2735,12854.5,In Stock,2025-04-03,HP HP Pavilion is a premium laptop designed for performance and comfort.
P100147,Samsung Galaxy S21,Samsung,Electronics,Smartphone,44706,INR,64,16094.16,3.9,474,1848.6,In Stock,2025-10-11,Samsung Samsung Galaxy S21 is a premium smartphone designed for performance and comfort.
P100148,Adidas Ultraboost,Adidas,Footwear,Running Shoes,5349,INR,36,3423.36,4.1,2245,9204.5,Limited Stock,2025-10-29,Adidas Adidas Ultraboost is a premium running shoes designed for performance and comfort.
P100149,H&M Sweatshirt,H&M,Fashion,Sweatshirt,645,INR,29,457.95,4.1,2585,10598.5,Limited Stock,2024-09-12,H&M H&M Sweatshirt is a premium sweatshirt designed for performance and comfort.
P100150,Fossil Watch,Fossil,Accessories,Watch,4260,INR,10,3834.0,3.5,2884,10094.0,Out of Stock,2025-12-05,Fossil Fossil Watch is a premium watch designed for performance and comfort.
P100151,Boat Earbuds,Boat,Electronics,Earbuds,52813,INR,30,36969.1,4.7,2612,12276.4,In Stock,2025-12-01,Boat Boat Earbuds is a premium earbuds designed for performance and comfort.
P100152,Fossil Watch,Fossil,Accessories,Watch,6726,INR,47,3564.78,3.2,555,1776.0,In Stock,2024-07-25,Fossil Fossil Watch is a premium watch designed for performance and comfort.
P100153,Zara Shirt,Zara,Fashion,Shirt,2406,INR,66,818.04,3.5,969,3391.5,Out of Stock,2025-05-16,Zara Zara Shirt is a premium shirt designed for performance and comfort.
P100154,Wildcraft Backpack,Wildcraft,Accessories,Backpack,6118,INR,32,4160.24,4.2,3997,16787.4,In Stock,2025-06-28,Wildcraft Wildcraft Backpack is a premium backpack designed for performance and comfort.
P100155,Boat Earbuds,Boat,Electronics,Earbuds,70761,INR,55,31842.45,4.0,2052,8208.0,Out of Stock,2025-03-02,Boat Boat Earbuds is a premium earbuds designed for performance and comfort.
P100156,Puma Jacket,Puma,Fashion,Jacket,3642,INR,62,1383.96,3.9,2342,9133.8,Out of Stock,2026-03-25,Puma Puma Jacket is a premium jacket designed for performance and comfort.
P100157,Nike Air Max,Nike,Footwear,Sneakers,4239,INR,30,2967.3,3.2,2388,7641.6,Limited Stock,2024-06-10,Nike Nike Air Max is a premium sneakers designed for performance and comfort.
P100158,Levi's Jeans,Levi's,Fashion,Jeans,2534,INR,12,2229.92,3.3,1801,5943.3,Limited Stock,2026-03-03,Levi's Levi's Jeans is a premium jeans designed for performance and comfort.
P100159,HP Pavilion,HP,Electronics,Laptop,74609,INR,20,59687.2,3.7,4160,15392.0,Limited Stock,2025-03-08,HP HP Pavilion is a premium laptop designed for performance and comfort.
P100160,Sony Headphones,Sony,Electronics,Headphones,8661,INR,5,8227.95,3.9,3115,12148.5,In Stock,2024-09-13,Sony Sony Headphones is a premium headphones designed for performance and comfort.
P100161,Adidas Hoodie,Adidas,Fashion,Hoodie,2177,INR,47,1153.81,3.5,2405,8417.5,In Stock,2025-05-28,Adidas Adidas Hoodie is a premium hoodie designed for performance and comfort.
P100162,American Tourister Bag,American Tourister,Accessories,Travel Bag,3959,INR,25,2969.25,4.5,1941,8734.5,In Stock,2024-09-13,American Tourister American Tourister Bag is a premium travel bag designed for performance and comfort.
P100163,Wildcraft Backpack,Wildcraft,Accessories,Backpack,2276,INR,43,1297.32,4.7,3079,14471.3,Out of Stock,2025-02-18,Wildcraft Wildcraft Backpack is a premium backpack designed for performance and comfort.
P100164,Sony Headphones,Sony,Electronics,Headphones,66403,INR,48,34529.56,4.0,3471,13884.0,Out of Stock,2024-07-17,Sony Sony Headphones is a premium headphones designed for performance and comfort.
P100165,Nike T-shirt,Nike,Fashion,T-shirt,3539,INR,46,1911.06,4.2,2788,11709.6,Limited Stock,2024-09-19,Nike Nike T-shirt is a premium t-shirt designed for performance and comfort.
P100166,RayBan Sunglasses,RayBan,Accessories,Sunglasses,3280,INR,66,1115.2,4.9,422,2067.8,Out of Stock,2025-12-21,RayBan RayBan Sunglasses is a premium sunglasses designed for performance and comfort.
P100167,Reebok Shoes,Reebok,Footwear,Training Shoes,7283,INR,6,6846.02,4.8,2421,11620.8,Limited Stock,2025-11-29,Reebok Reebok Shoes is a premium training shoes designed for performance and comfort.
P100168,iPhone 13,Apple,Electronics,Smartphone,65561,INR,42,38025.38,3.9,688,2683.2,Out of Stock,2025-04-19,Apple iPhone 13 is a premium smartphone designed for performance and comfort.
P100169,Boat Earbuds,Boat,Electronics,Earbuds,33113,INR,68,10596.16,3.6,995,3582.0,Out of Stock,2026-03-27,Boat Boat Earbuds is a premium earbuds designed for performance and comfort.
P100170,American Tourister Bag,American Tourister,Accessories,Travel Bag,2191,INR,33,1467.97,3.3,4645,15328.5,Limited Stock,2026-01-23,American Tourister American Tourister Bag is a premium travel bag designed for performance and comfort.
P100171,OnePlus 11,OnePlus,Electronics,Smartphone,65717,INR,60,26286.8,4.1,2746,11258.6,Out of Stock,2026-01-09,OnePlus OnePlus 11 is a premium smartphone designed for performance and comfort.
P100172,Reebok Shoes,Reebok,Footwear,Training Shoes,7166,INR,29,5087.86,3.6,3368,12124.8,In Stock,2024-09-01,Reebok Reebok Shoes is a premium training shoes designed for performance and comfort.
P100173,iPhone 13,Apple,Electronics,Smartphone,26154,INR,43,14907.78,4.9,4644,22755.6,Out of Stock,2025-03-27,Apple iPhone 13 is a premium smartphone designed for performance and comfort.
P100174,Levi's Jeans,Levi's,Fashion,Jeans,3438,INR,24,2612.88,3.6,3935,14166.0,Limited Stock,2026-01-30,Levi's Levi's Jeans is a premium jeans designed for performance and comfort.
P100175,Boat Earbuds,Boat,Electronics,Earbuds,79845,INR,18,65472.9,4.6,3523,16205.8,Limited Stock,2026-04-06,Boat Boat Earbuds is a premium earbuds designed for performance and comfort.
P100176,Boat Earbuds,Boat,Electronics,Earbuds,44306,INR,18,36330.92,3.8,1346,5114.8,Out of Stock,2025-11-02,Boat Boat Earbuds is a premium earbuds designed for performance and comfort.
P100177,American Tourister Bag,American Tourister,Accessories,Travel Bag,6751,INR,19,5468.31,4.8,198,950.4,Out of Stock,2025-03-30,American Tourister American Tourister Bag is a premium travel bag designed for performance and comfort.
P100178,Zara Shirt,Zara,Fashion,Shirt,1299,INR,22,1013.22,3.2,4124,13196.8,Limited Stock,2025-06-05,Zara Zara Shirt is a premium shirt designed for performance and comfort.
P100179,Wildcraft Backpack,Wildcraft,Accessories,Backpack,2209,INR,39,1347.49,3.9,1423,5549.7,In Stock,2024-08-07,Wildcraft Wildcraft Backpack is a premium backpack designed for performance and comfort.
P100180,American Tourister Bag,American Tourister,Accessories,Travel Bag,1649,INR,11,1467.61,4.1,467,1914.7,Limited Stock,2026-03-22,American Tourister American Tourister Bag is a premium travel bag designed for performance and comfort.
P100181,Puma Sneakers,Puma,Footwear,Sneakers,5164,INR,56,2272.16,4.3,735,3160.5,In Stock,2026-01-21,Puma Puma Sneakers is a premium sneakers designed for performance and comfort.
P100182,Nike T-shirt,Nike,Fashion,T-shirt,1744,INR,56,767.36,3.3,2635,8695.5,Limited Stock,2025-05-26,Nike Nike T-shirt is a premium t-shirt designed for performance and comfort.
P100183,Samsung Galaxy S21,Samsung,Electronics,Smartphone,27598,INR,39,16834.78,3.9,3890,15171.0,Limited Stock,2025-12-13,Samsung Samsung Galaxy S21 is a premium smartphone designed for performance and comfort.
P100184,Adidas Ultraboost,Adidas,Footwear,Running Shoes,7299,INR,21,5766.21,4.5,4807,21631.5,Out of Stock,2024-10-20,Adidas Adidas Ultraboost is a premium running shoes designed for performance and comfort.
P100185,Boat Earbuds,Boat,Electronics,Earbuds,33293,INR,46,17978.22,4.3,762,3276.6,In Stock,2025-06-19,Boat Boat Earbuds is a premium earbuds designed for performance and comfort.
P100186,Puma Jacket,Puma,Fashion,Jacket,2198,INR,60,879.2,3.3,925,3052.5,Limited Stock,2025-02-07,Puma Puma Jacket is a premium jacket designed for performance and comfort.
P100187,Boat Earbuds,Boat,Electronics,Earbuds,20797,INR,51,10190.53,4.6,364,1674.4,Out of Stock,2024-12-08,Boat Boat Earbuds is a premium earbuds designed for performance and comfort.
P100188,Nike T-shirt,Nike,Fashion,T-shirt,3869,INR,26,2863.06,3.5,3274,11459.0,Limited Stock,2025-06-25,Nike Nike T-shirt is a premium t-shirt designed for performance and comfort.
P100189,Nike Air Max,Nike,Footwear,Sneakers,7924,INR,45,4358.2,3.6,2498,8992.8,Out of Stock,2025-09-12,Nike Nike Air Max is a premium sneakers designed for performance and comfort.
P100190,iPhone 13,Apple,Electronics,Smartphone,78757,INR,44,44103.92,4.7,4569,21474.3,Out of Stock,2026-01-17,Apple iPhone 13 is a premium smartphone designed for performance and comfort.
P100191,Nike T-shirt,Nike,Fashion,T-shirt,2727,INR,31,1881.63,3.9,2569,10019.1,Limited Stock,2025-10-16,Nike Nike T-shirt is a premium t-shirt designed for performance and comfort.
P100192,HP Pavilion,HP,Electronics,Laptop,54763,INR,68,17524.16,3.7,4371,16172.7,Limited Stock,2025-01-04,HP HP Pavilion is a premium laptop designed for performance and comfort.
P100193,iPhone 13,Apple,Electronics,Smartphone,38029,INR,57,16352.47,4.3,1867,8028.1,Limited Stock,2026-02-23,Apple iPhone 13 is a premium smartphone designed for performance and comfort.
P100194,RayBan Sunglasses,RayBan,Accessories,Sunglasses,1564,INR,30,1094.8,4.8,2877,13809.6,In Stock,2025-07-29,RayBan RayBan Sunglasses is a premium sunglasses designed for performance and comfort.
P100195,Adidas Ultraboost,Adidas,Footwear,Running Shoes,2622,INR,5,2490.9,4.2,1328,5577.6,In Stock,2025-10-07,Adidas Adidas Ultraboost is a premium running shoes designed for performance and comfort.
P100196,Dell Laptop,Dell,Electronics,Laptop,61826,INR,48,32149.52,3.4,1049,3566.6,In Stock,2026-04-28,Dell Dell Laptop is a premium laptop designed for performance and comfort.
P100197,RayBan Sunglasses,RayBan,Accessories,Sunglasses,3150,INR,16,2646.0,3.8,4398,16712.4,In Stock,2025-06-15,RayBan RayBan Sunglasses is a premium sunglasses designed for performance and comfort.
P100198,HP Pavilion,HP,Electronics,Laptop,18032,INR,21,14245.28,3.7,4357,16120.9,Limited Stock,2024-07-17,HP HP Pavilion is a premium laptop designed for performance and comfort.
P100199,Wildcraft Backpack,Wildcraft,Accessories,Backpack,5260,INR,46,2840.4,4.6,1687,7760.2,Limited Stock,2025-10-20,Wildcraft Wildcraft Backpack is a premium backpack designed for performance and comfort.
P100200,Puma Sneakers,Puma,Footwear,Sneakers,4037,INR,35,2624.05,3.6,811,2919.6,In Stock,2026-03-26,Puma Puma Sneakers is a premium sneakers designed for performance and comfort.
P100201,Wildcraft Backpack,Wildcraft,Accessories,Backpack,6232,INR,24,4736.32,5.0,2541,12705.0,Out of Stock,2026-03-16,Wildcraft Wildcraft Backpack is a premium backpack designed for performance and comfort.
P100202,American Tourister Bag,American Tourister,Accessories,Travel Bag,1370,INR,35,890.5,3.5,1683,5890.5,Out of Stock,2025-12-19,American Tourister American Tourister Bag is a premium travel bag designed for performance and comfort.
P100203,iPhone 13,Apple,Electronics,Smartphone,44595,INR,25,33446.25,3.9,1266,4937.4,Out of Stock,2024-07-20,Apple iPhone 13 is a premium smartphone designed for performance and comfort.
P100204,Dell Laptop,Dell,Electronics,Laptop,53675,INR,41,31668.25,4.6,4209,19361.4,Limited Stock,2025-11-23,Dell Dell Laptop is a premium laptop designed for performance and comfort.
P100205,American Tourister Bag,American Tourister,Accessories,Travel Bag,5220,INR,31,3601.8,3.7,910,3367.0,Limited Stock,2026-03-01,American Tourister American Tourister Bag is a premium travel bag designed for performance and comfort.
P100206,Nike T-shirt,Nike,Fashion,T-shirt,1499,INR,53,704.53,3.6,3428,12340.8,In Stock,2025-07-12,Nike Nike T-shirt is a premium t-shirt designed for performance and comfort.
P100207,Samsung Galaxy S21,Samsung,Electronics,Smartphone,74168,INR,65,25958.8,3.3,4405,14536.5,In Stock,2025-05-17,Samsung Samsung Galaxy S21 is a premium smartphone designed for performance and comfort.
P100208,American Tourister Bag,American Tourister,Accessories,Travel Bag,4093,INR,27,2987.89,3.8,4107,15606.6,Limited Stock,2024-06-28,American Tourister American Tourister Bag is a premium travel bag designed for performance and comfort.
P100209,Nike Air Max,Nike,Footwear,Sneakers,5879,INR,66,1998.86,4.4,1451,6384.4,Out of Stock,2025-09-05,Nike Nike Air Max is a premium sneakers designed for performance and comfort.
P100210,Levi's Jeans,Levi's,Fashion,Jeans,3779,INR,68,1209.28,4.0,1975,7900.0,Out of Stock,2024-07-15,Levi's Levi's Jeans is a premium jeans designed for performance and comfort.
P100211,Reebok Shoes,Reebok,Footwear,Training Shoes,7241,INR,49,3692.91,4.2,2224,9340.8,In Stock,2025-04-04,Reebok Reebok Shoes is a premium training shoes designed for performance and comfort.
P100212,Boat Earbuds,Boat,Electronics,Earbuds,72487,INR,49,36968.37,4.5,4315,19417.5,Limited Stock,2025-09-11,Boat Boat Earbuds is a premium earbuds designed for performance and comfort.
P100213,Nike T-shirt,Nike,Fashion,T-shirt,4532,INR,14,3897.52,4.3,288,1238.4,Limited Stock,2025-05-09,Nike Nike T-shirt is a premium t-shirt designed for performance and comfort.
P100214,RayBan Sunglasses,RayBan,Accessories,Sunglasses,2545,INR,66,865.3,3.3,2059,6794.7,In Stock,2025-05-09,RayBan RayBan Sunglasses is a premium sunglasses designed for performance and comfort.
P100215,American Tourister Bag,American Tourister,Accessories,Travel Bag,3461,INR,70,1038.3,4.0,689,2756.0,In Stock,2025-01-16,American Tourister American Tourister Bag is a premium travel bag designed for performance and comfort.
P100216,Dell Laptop,Dell,Electronics,Laptop,59529,INR,67,19644.57,4.8,3746,17980.8,In Stock,2024-05-29,Dell Dell Laptop is a premium laptop designed for performance and comfort.
P100217,Reebok Shoes,Reebok,Footwear,Training Shoes,8411,INR,27,6140.03,3.9,584,2277.6,Limited Stock,2026-04-26,Reebok Reebok Shoes is a premium training shoes designed for performance and comfort.
P100218,Reebok Shoes,Reebok,Footwear,Training Shoes,3740,INR,45,2057.0,4.2,3562,14960.4,Limited Stock,2025-04-30,Reebok Reebok Shoes is a premium training shoes designed for performance and comfort.
P100219,HP Pavilion,HP,Electronics,Laptop,57466,INR,5,54592.7,4.2,4191,17602.2,Limited Stock,2024-11-08,HP HP Pavilion is a premium laptop designed for performance and comfort.
P100220,Reebok Shoes,Reebok,Footwear,Training Shoes,4759,INR,18,3902.38,4.1,2044,8380.4,In Stock,2026-04-26,Reebok Reebok Shoes is a premium training shoes designed for performance and comfort.
P100221,RayBan Sunglasses,RayBan,Accessories,Sunglasses,1434,INR,47,760.02,4.3,3431,14753.3,Limited Stock,2024-07-03,RayBan RayBan Sunglasses is a premium sunglasses designed for performance and comfort.
P100222,Nike T-shirt,Nike,Fashion,T-shirt,1962,INR,57,843.66,4.3,4111,17677.3,In Stock,2025-11-15,Nike Nike T-shirt is a premium t-shirt designed for performance and comfort.
P100223,Adidas Ultraboost,Adidas,Footwear,Running Shoes,2677,INR,36,1713.28,4.2,2556,10735.2,Out of Stock,2024-09-17,Adidas Adidas Ultraboost is a premium running shoes designed for performance and comfort.
P100224,iPhone 13,Apple,Electronics,Smartphone,18791,INR,14,16160.26,4.9,2706,13259.4,Out of Stock,2026-02-09,Apple iPhone 13 is a premium smartphone designed for performance and comfort.
P100225,Levi's Jeans,Levi's,Fashion,Jeans,2358,INR,49,1202.58,3.8,3369,12802.2,Out of Stock,2025-08-22,Levi's Levi's Jeans is a premium jeans designed for performance and comfort.
P100226,iPhone 13,Apple,Electronics,Smartphone,39282,INR,53,18462.54,4.6,212,975.2,In Stock,2026-04-15,Apple iPhone 13 is a premium smartphone designed for performance and comfort.
P100227,Zara Shirt,Zara,Fashion,Shirt,992,INR,36,634.88,4.7,2576,12107.2,In Stock,2024-09-05,Zara Zara Shirt is a premium shirt designed for performance and comfort.
P100228,RayBan Sunglasses,RayBan,Accessories,Sunglasses,6709,INR,60,2683.6,4.9,4302,21079.8,In Stock,2024-06-10,RayBan RayBan Sunglasses is a premium sunglasses designed for performance and comfort.
P100229,RayBan Sunglasses,RayBan,Accessories,Sunglasses,3710,INR,8,3413.2,4.1,571,2341.1,Limited Stock,2024-05-12,RayBan RayBan Sunglasses is a premium sunglasses designed for performance and comfort.
P100230,H&M Sweatshirt,H&M,Fashion,Sweatshirt,2615,INR,15,2222.75,4.6,636,2925.6,Out of Stock,2026-04-09,H&M H&M Sweatshirt is a premium sweatshirt designed for performance and comfort.
P100231,Dell Laptop,Dell,Electronics,Laptop,19914,INR,37,12545.82,4.6,2293,10547.8,Out of Stock,2025-10-17,Dell Dell Laptop is a premium laptop designed for performance and comfort.
P100232,Wildcraft Backpack,Wildcraft,Accessories,Backpack,5104,INR,37,3215.52,4.5,3198,14391.0,In Stock,2025-06-09,Wildcraft Wildcraft Backpack is a premium backpack designed for performance and comfort.
P100233,Wildcraft Backpack,Wildcraft,Accessories,Backpack,1680,INR,22,1310.4,4.7,3095,14546.5,In Stock,2026-04-05,Wildcraft Wildcraft Backpack is a premium backpack designed for performance and comfort.
P100234,Sony Headphones,Sony,Electronics,Headphones,13379,INR,34,8830.14,3.8,4711,17901.8,Limited Stock,2024-08-25,Sony Sony Headphones is a premium headphones designed for performance and comfort.
P100235,Reebok Shoes,Reebok,Footwear,Training Shoes,3295,INR,5,3130.25,4.5,4430,19935.0,Out of Stock,2025-04-10,Reebok Reebok Shoes is a premium training shoes designed for performance and comfort.
P100236,Adidas Ultraboost,Adidas,Footwear,Running Shoes,2889,INR,16,2426.76,4.2,710,2982.0,Limited Stock,2026-01-03,Adidas Adidas Ultraboost is a premium running shoes designed for performance and comfort.
P100237,iPhone 13,Apple,Electronics,Smartphone,74255,INR,39,45295.55,4.0,198,792.0,Limited Stock,2026-01-31,Apple iPhone 13 is a premium smartphone designed for performance and comfort.
P100238,Puma Sneakers,Puma,Footwear,Sneakers,3513,INR,59,1440.33,4.3,2571,11055.3,Out of Stock,2026-02-17,Puma Puma Sneakers is a premium sneakers designed for performance and comfort.
P100239,Nike Air Max,Nike,Footwear,Sneakers,2208,INR,50,1104.0,4.2,3559,14947.8,In Stock,2026-02-01,Nike Nike Air Max is a premium sneakers designed for performance and comfort.
P100240,Adidas Ultraboost,Adidas,Footwear,Running Shoes,8657,INR,70,2597.1,4.0,4142,16568.0,In Stock,2025-05-31,Adidas Adidas Ultraboost is a premium running shoes designed for performance and comfort.
P100241,RayBan Sunglasses,RayBan,Accessories,Sunglasses,6459,INR,36,4133.76,4.6,2351,10814.6,Limited Stock,2025-12-23,RayBan RayBan Sunglasses is a premium sunglasses designed for performance and comfort.
P100242,Boat Earbuds,Boat,Electronics,Earbuds,20689,INR,49,10551.39,4.4,543,2389.2,In Stock,2025-11-21,Boat Boat Earbuds is a premium earbuds designed for performance and comfort.
P100243,HP Pavilion,HP,Electronics,Laptop,66929,INR,8,61574.68,4.2,1291,5422.2,Limited Stock,2025-02-12,HP HP Pavilion is a premium laptop designed for performance and comfort.
P100244,Wildcraft Backpack,Wildcraft,Accessories,Backpack,6744,INR,5,6406.8,5.0,3447,17235.0,Out of Stock,2025-12-19,Wildcraft Wildcraft Backpack is a premium backpack designed for performance and comfort.
P100245,American Tourister Bag,American Tourister,Accessories,Travel Bag,6527,INR,57,2806.61,4.5,2118,9531.0,Out of Stock,2024-11-03,American Tourister American Tourister Bag is a premium travel bag designed for performance and comfort.
P100246,Wildcraft Backpack,Wildcraft,Accessories,Backpack,2339,INR,28,1684.08,4.3,3163,13600.9,Limited Stock,2024-09-21,Wildcraft Wildcraft Backpack is a premium backpack designed for performance and comfort.
P100247,Adidas Hoodie,Adidas,Fashion,Hoodie,2024,INR,20,1619.2,3.3,4498,14843.4,Limited Stock,2024-08-19,Adidas Adidas Hoodie is a premium hoodie designed for performance and comfort.
P100248,Wildcraft Backpack,Wildcraft,Accessories,Backpack,2130,INR,69,660.3,4.3,4089,17582.7,In Stock,2025-08-13,Wildcraft Wildcraft Backpack is a premium backpack designed for performance and comfort.
P100249,RayBan Sunglasses,RayBan,Accessories,Sunglasses,4308,INR,57,1852.44,3.5,510,1785.0,Limited Stock,2024-06-03,RayBan RayBan Sunglasses is a premium sunglasses designed for performance and comfort.
P100250,Adidas Ultraboost,Adidas,Footwear,Running Shoes,2041,INR,46,1102.14,4.1,3685,15108.5,Limited Stock,2025-01-26,Adidas Adidas Ultraboost is a premium running shoes designed for performance and comfort.
P100251,Adidas Hoodie,Adidas,Fashion,Hoodie,2863,INR,22,2233.14,3.3,3808,12566.4,In Stock,2025-05-22,Adidas Adidas Hoodie is a premium hoodie designed for performance and comfort.
P100252,Wildcraft Backpack,Wildcraft,Accessories,Backpack,6292,INR,28,4530.24,3.4,1177,4001.8,In Stock,2025-04-29,Wildcraft Wildcraft Backpack is a premium backpack designed for performance and comfort.
P100253,American Tourister Bag,American Tourister,Accessories,Travel Bag,4171,INR,28,3003.12,3.4,3906,13280.4,Out of Stock,2024-08-08,American Tourister American Tourister Bag is a premium travel bag designed for performance and comfort.
P100254,Wildcraft Backpack,Wildcraft,Accessories,Backpack,4183,INR,6,3932.02,3.4,3364,11437.6,Out of Stock,2025-04-27,Wildcraft Wildcraft Backpack is a premium backpack designed for performance and comfort.
P100255,American Tourister Bag,American Tourister,Accessories,Travel Bag,6153,INR,30,4307.1,4.8,959,4603.2,Limited Stock,2026-03-13,American Tourister American Tourister Bag is a premium travel bag designed for performance and comfort.
P100256,Puma Sneakers,Puma,Footwear,Sneakers,1360,INR,55,612.0,3.9,2111,8232.9,Out of Stock,2026-03-11,Puma Puma Sneakers is a premium sneakers designed for performance and comfort.
P100257,Samsung Galaxy S21,Samsung,Electronics,Smartphone,50404,INR,14,43347.44,4.1,4950,20295.0,In Stock,2024-10-21,Samsung Samsung Galaxy S21 is a premium smartphone designed for performance and comfort.
P100258,Levi's Jeans,Levi's,Fashion,Jeans,1609,INR,69,498.79,3.4,3123,10618.2,Limited Stock,2026-04-27,Levi's Levi's Jeans is a premium jeans designed for performance and comfort.
P100259,Dell Laptop,Dell,Electronics,Laptop,58440,INR,22,45583.2,3.6,2492,8971.2,Out of Stock,2025-11-03,Dell Dell Laptop is a premium laptop designed for performance and comfort.
P100260,Puma Sneakers,Puma,Footwear,Sneakers,4641,INR,43,2645.37,3.6,1793,6454.8,Limited Stock,2026-01-16,Puma Puma Sneakers is a premium sneakers designed for performance and comfort.
P100261,Nike T-shirt,Nike,Fashion,T-shirt,557,INR,38,345.34,5.0,28,140.0,Out of Stock,2024-05-24,Nike Nike T-shirt is a premium t-shirt designed for performance and comfort.
P100262,Levi's Jeans,Levi's,Fashion,Jeans,1670,INR,32,1135.6,3.7,2590,9583.0,In Stock,2025-07-31,Levi's Levi's Jeans is a premium jeans designed for performance and comfort.
P100263,Sony Headphones,Sony,Electronics,Headphones,8754,INR,11,7791.06,4.5,4190,18855.0,In Stock,2025-11-28,Sony Sony Headphones is a premium headphones designed for performance and comfort.
P100264,Adidas Ultraboost,Adidas,Footwear,Running Shoes,4115,INR,25,3086.25,3.4,4854,16503.6,Out of Stock,2024-06-12,Adidas Adidas Ultraboost is a premium running shoes designed for performance and comfort.
P100265,HP Pavilion,HP,Electronics,Laptop,50444,INR,68,16142.08,3.4,4868,16551.2,Limited Stock,2025-04-09,HP HP Pavilion is a premium laptop designed for performance and comfort.
P100266,Nike Air Max,Nike,Footwear,Sneakers,9016,INR,70,2704.8,3.9,2804,10935.6,Limited Stock,2025-01-03,Nike Nike Air Max is a premium sneakers designed for performance and comfort.
P100267,RayBan Sunglasses,RayBan,Accessories,Sunglasses,738,INR,32,501.84,4.4,1496,6582.4,In Stock,2025-04-20,RayBan RayBan Sunglasses is a premium sunglasses designed for performance and comfort.
P100268,RayBan Sunglasses,RayBan,Accessories,Sunglasses,4265,INR,51,2089.85,3.3,4572,15087.6,Limited Stock,2026-02-05,RayBan RayBan Sunglasses is a premium sunglasses designed for performance and comfort.
P100269,Reebok Shoes,Reebok,Footwear,Training Shoes,7068,INR,70,2120.4,4.4,2064,9081.6,Limited Stock,2024-10-10,Reebok Reebok Shoes is a premium training shoes designed for performance and comfort.
P100270,Reebok Shoes,Reebok,Footwear,Training Shoes,9829,INR,29,6978.59,4.4,3462,15232.8,Out of Stock,2024-09-01,Reebok Reebok Shoes is a premium training shoes designed for performance and comfort.
P100271,Boat Earbuds,Boat,Electronics,Earbuds,13937,INR,44,7804.72,4.6,2995,13777.0,In Stock,2024-08-26,Boat Boat Earbuds is a premium earbuds designed for performance and comfort.
P100272,Adidas Hoodie,Adidas,Fashion,Hoodie,3613,INR,58,1517.46,4.0,2354,9416.0,In Stock,2025-08-05,Adidas Adidas Hoodie is a premium hoodie designed for performance and comfort.
P100273,OnePlus 11,OnePlus,Electronics,Smartphone,22135,INR,64,7968.6,4.1,1363,5588.3,In Stock,2025-10-03,OnePlus OnePlus 11 is a premium smartphone designed for performance and comfort.
P100274,Reebok Shoes,Reebok,Footwear,Training Shoes,2490,INR,28,1792.8,5.0,2693,13465.0,Out of Stock,2026-03-27,Reebok Reebok Shoes is a premium training shoes designed for performance and comfort.
P100275,Reebok Shoes,Reebok,Footwear,Training Shoes,9419,INR,10,8477.1,5.0,3406,17030.0,In Stock,2024-10-27,Reebok Reebok Shoes is a premium training shoes designed for performance and comfort.
P100276,American Tourister Bag,American Tourister,Accessories,Travel Bag,6072,INR,39,3703.92,4.1,704,2886.4,Out of Stock,2024-06-26,American Tourister American Tourister Bag is a premium travel bag designed for performance and comfort.
P100277,Sony Headphones,Sony,Electronics,Headphones,40970,INR,31,28269.3,3.6,1170,4212.0,In Stock,2025-04-13,Sony Sony Headphones is a premium headphones designed for performance and comfort.
P100278,Samsung Galaxy S21,Samsung,Electronics,Smartphone,71358,INR,37,44955.54,4.0,3282,13128.0,Out of Stock,2026-02-25,Samsung Samsung Galaxy S21 is a premium smartphone designed for performance and comfort.
P100279,Wildcraft Backpack,Wildcraft,Accessories,Backpack,494,INR,22,385.32,3.8,4391,16685.8,In Stock,2025-04-07,Wildcraft Wildcraft Backpack is a premium backpack designed for performance and comfort.
P100280,H&M Sweatshirt,H&M,Fashion,Sweatshirt,4465,INR,66,1518.1,4.4,4396,19342.4,In Stock,2025-12-07,H&M H&M Sweatshirt is a premium sweatshirt designed for performance and comfort.
P100281,Sony Headphones,Sony,Electronics,Headphones,60161,INR,22,46925.58,3.4,2990,10166.0,Limited Stock,2026-03-23,Sony Sony Headphones is a premium headphones designed for performance and comfort.
P100282,Dell Laptop,Dell,Electronics,Laptop,23566,INR,48,12254.32,4.5,1394,6273.0,Limited Stock,2025-01-03,Dell Dell Laptop is a premium laptop designed for performance and comfort.
P100283,H&M Sweatshirt,H&M,Fashion,Sweatshirt,2710,INR,66,921.4,4.2,2972,12482.4,Out of Stock,2024-05-18,H&M H&M Sweatshirt is a premium sweatshirt designed for performance and comfort.
P100284,Zara Shirt,Zara,Fashion,Shirt,1761,INR,55,792.45,3.2,3332,10662.4,Out of Stock,2025-06-03,Zara Zara Shirt is a premium shirt designed for performance and comfort.
P100285,Puma Sneakers,Puma,Footwear,Sneakers,1467,INR,50,733.5,4.5,1477,6646.5,Limited Stock,2026-03-06,Puma Puma Sneakers is a premium sneakers designed for performance and comfort.
P100286,OnePlus 11,OnePlus,Electronics,Smartphone,13396,INR,27,9779.08,4.6,3322,15281.2,Limited Stock,2025-08-27,OnePlus OnePlus 11 is a premium smartphone designed for performance and comfort.
P100287,Adidas Hoodie,Adidas,Fashion,Hoodie,3780,INR,22,2948.4,4.8,2454,11779.2,In Stock,2025-11-28,Adidas Adidas Hoodie is a premium hoodie designed for performance and comfort.
P100288,OnePlus 11,OnePlus,Electronics,Smartphone,15758,INR,55,7091.1,4.9,2571,12597.9,Out of Stock,2025-06-05,OnePlus OnePlus 11 is a premium smartphone designed for performance and comfort.
P100289,OnePlus 11,OnePlus,Electronics,Smartphone,13230,INR,29,9393.3,3.8,4432,16841.6,Out of Stock,2025-10-09,OnePlus OnePlus 11 is a premium smartphone designed for performance and comfort.
P100290,H&M Sweatshirt,H&M,Fashion,Sweatshirt,2499,INR,64,899.64,4.9,1028,5037.2,Out of Stock,2025-11-06,H&M H&M Sweatshirt is a premium sweatshirt designed for performance and comfort.
P100291,Puma Sneakers,Puma,Footwear,Sneakers,6109,INR,36,3909.76,3.9,3299,12866.1,Limited Stock,2025-09-10,Puma Puma Sneakers is a premium sneakers designed for performance and comfort.
P100292,American Tourister Bag,American Tourister,Accessories,Travel Bag,901,INR,21,711.79,4.9,937,4591.3,Limited Stock,2025-03-06,American Tourister American Tourister Bag is a premium travel bag designed for performance and comfort.
P100293,Adidas Hoodie,Adidas,Fashion,Hoodie,3869,INR,39,2360.09,4.0,4553,18212.0,Limited Stock,2025-12-28,Adidas Adidas Hoodie is a premium hoodie designed for performance and comfort.
P100294,Puma Jacket,Puma,Fashion,Jacket,1128,INR,26,834.72,4.8,101,484.8,Limited Stock,2026-03-17,Puma Puma Jacket is a premium jacket designed for performance and comfort.
P100295,Samsung Galaxy S21,Samsung,Electronics,Smartphone,57008,INR,35,37055.2,4.6,4105,18883.0,Limited Stock,2025-08-26,Samsung Samsung Galaxy S21 is a premium smartphone designed for performance and comfort.
P100296,Wildcraft Backpack,Wildcraft,Accessories,Backpack,2146,INR,11,1909.94,5.0,3080,15400.0,In Stock,2024-09-20,Wildcraft Wildcraft Backpack is a premium backpack designed for performance and comfort.
P100297,Adidas Ultraboost,Adidas,Footwear,Running Shoes,3653,INR,18,2995.46,3.9,3644,14211.6,In Stock,2024-09-09,Adidas Adidas Ultraboost is a premium running shoes designed for performance and comfort.
P100298,iPhone 13,Apple,Electronics,Smartphone,77778,INR,41,45889.02,4.7,768,3609.6,Out of Stock,2025-11-10,Apple iPhone 13 is a premium smartphone designed for performance and comfort.
P100299,Puma Sneakers,Puma,Footwear,Sneakers,1398,INR,24,1062.48,3.2,583,1865.6,Limited Stock,2024-12-06,Puma Puma Sneakers is a premium sneakers designed for performance and comfort.
P100300,Wildcraft Backpack,Wildcraft,Accessories,Backpack,4039,INR,32,2746.52,3.5,4478,15673.0,Out of Stock,2024-05-11,Wildcraft Wildcraft Backpack is a premium backpack designed for performance and comfort.
P100301,OnePlus 11,OnePlus,Electronics,Smartphone,71317,INR,29,50635.07,4.0,1581,6324.0,Out of Stock,2024-06-17,OnePlus OnePlus 11 is a premium smartphone designed for performance and comfort.
P100302,Samsung Galaxy S21,Samsung,Electronics,Smartphone,40292,INR,40,24175.2,4.6,4138,19034.8,Out of Stock,2025-11-19,Samsung Samsung Galaxy S21 is a premium smartphone designed for performance and comfort.
P100303,American Tourister Bag,American Tourister,Accessories,Travel Bag,4882,INR,47,2587.46,3.4,1717,5837.8,In Stock,2024-09-18,American Tourister American Tourister Bag is a premium travel bag designed for performance and comfort.
P100304,Wildcraft Backpack,Wildcraft,Accessories,Backpack,2384,INR,51,1168.16,3.8,1485,5643.0,Out of Stock,2025-02-06,Wildcraft Wildcraft Backpack is a premium backpack designed for performance and comfort.
P100305,Adidas Hoodie,Adidas,Fashion,Hoodie,4340,INR,12,3819.2,4.7,561,2636.7,Out of Stock,2024-09-22,Adidas Adidas Hoodie is a premium hoodie designed for performance and comfort.
P100306,H&M Sweatshirt,H&M,Fashion,Sweatshirt,2868,INR,64,1032.48,4.1,3123,12804.3,In Stock,2025-04-30,H&M H&M Sweatshirt is a premium sweatshirt designed for performance and comfort.
P100307,Adidas Ultraboost,Adidas,Footwear,Running Shoes,6662,INR,49,3397.62,4.1,2068,8478.8,In Stock,2025-10-27,Adidas Adidas Ultraboost is a premium running shoes designed for performance and comfort.
P100308,Sony Headphones,Sony,Electronics,Headphones,34467,INR,46,18612.18,3.7,4008,14829.6,Out of Stock,2024-08-18,Sony Sony Headphones is a premium headphones designed for performance and comfort.
P100309,Wildcraft Backpack,Wildcraft,Accessories,Backpack,6620,INR,44,3707.2,4.8,4474,21475.2,Limited Stock,2024-11-08,Wildcraft Wildcraft Backpack is a premium backpack designed for performance and comfort.
P100310,Nike Air Max,Nike,Footwear,Sneakers,4926,INR,11,4384.14,4.6,3446,15851.6,In Stock,2024-07-21,Nike Nike Air Max is a premium sneakers designed for performance and comfort.
P100311,Puma Jacket,Puma,Fashion,Jacket,1946,INR,26,1440.04,3.3,3905,12886.5,In Stock,2025-01-10,Puma Puma Jacket is a premium jacket designed for performance and comfort.
P100312,Nike Air Max,Nike,Footwear,Sneakers,1614,INR,40,968.4,4.1,3269,13402.9,Limited Stock,2024-12-26,Nike Nike Air Max is a premium sneakers designed for performance and comfort.
P100313,HP Pavilion,HP,Electronics,Laptop,62019,INR,22,48374.82,3.6,699,2516.4,Limited Stock,2024-08-05,HP HP Pavilion is a premium laptop designed for performance and comfort.
P100314,Levi's Jeans,Levi's,Fashion,Jeans,3780,INR,44,2116.8,4.6,929,4273.4,Limited Stock,2025-05-31,Levi's Levi's Jeans is a premium jeans designed for performance and comfort.
P100315,Fossil Watch,Fossil,Accessories,Watch,4987,INR,22,3889.86,4.9,2193,10745.7,Limited Stock,2025-01-04,Fossil Fossil Watch is a premium watch designed for performance and comfort.
P100316,Wildcraft Backpack,Wildcraft,Accessories,Backpack,4343,INR,66,1476.62,4.4,4571,20112.4,Limited Stock,2026-04-13,Wildcraft Wildcraft Backpack is a premium backpack designed for performance and comfort.
P100317,Sony Headphones,Sony,Electronics,Headphones,78684,INR,11,70028.76,4.1,1929,7908.9,Out of Stock,2024-11-06,Sony Sony Headphones is a premium headphones designed for performance and comfort.
P100318,Adidas Ultraboost,Adidas,Footwear,Running Shoes,1642,INR,45,903.1,3.3,4121,13599.3,Out of Stock,2025-12-09,Adidas Adidas Ultraboost is a premium running shoes designed for performance and comfort.
P100319,Zara Shirt,Zara,Fashion,Shirt,1008,INR,54,463.68,3.3,4474,14764.2,Out of Stock,2024-10-20,Zara Zara Shirt is a premium shirt designed for performance and comfort.
P100320,RayBan Sunglasses,RayBan,Accessories,Sunglasses,2229,INR,60,891.6,3.6,228,820.8,Out of Stock,2024-08-09,RayBan RayBan Sunglasses is a premium sunglasses designed for performance and comfort.
P100321,Samsung Galaxy S21,Samsung,Electronics,Smartphone,20565,INR,38,12750.3,4.0,2809,11236.0,Limited Stock,2024-07-14,Samsung Samsung Galaxy S21 is a premium smartphone designed for performance and comfort.
P100322,Wildcraft Backpack,Wildcraft,Accessories,Backpack,5091,INR,8,4683.72,4.7,2730,12831.0,Limited Stock,2026-04-08,Wildcraft Wildcraft Backpack is a premium backpack designed for performance and comfort.
P100323,Puma Sneakers,Puma,Footwear,Sneakers,8377,INR,10,7539.3,3.7,3500,12950.0,In Stock,2025-12-31,Puma Puma Sneakers is a premium sneakers designed for performance and comfort.
P100324,Adidas Ultraboost,Adidas,Footwear,Running Shoes,5329,INR,46,2877.66,3.8,1758,6680.4,Out of Stock,2025-07-07,Adidas Adidas Ultraboost is a premium running shoes designed for performance and comfort.
P100325,Wildcraft Backpack,Wildcraft,Accessories,Backpack,3282,INR,39,2002.02,4.5,2641,11884.5,Limited Stock,2024-06-13,Wildcraft Wildcraft Backpack is a premium backpack designed for performance and comfort.
P100326,Fossil Watch,Fossil,Accessories,Watch,3971,INR,5,3772.45,4.8,1177,5649.6,In Stock,2025-07-17,Fossil Fossil Watch is a premium watch designed for performance and comfort.
P100327,RayBan Sunglasses,RayBan,Accessories,Sunglasses,5840,INR,18,4788.8,4.9,286,1401.4,In Stock,2024-11-20,RayBan RayBan Sunglasses is a premium sunglasses designed for performance and comfort.
P100328,H&M Sweatshirt,H&M,Fashion,Sweatshirt,1076,INR,59,441.16,3.9,1305,5089.5,Out of Stock,2024-08-28,H&M H&M Sweatshirt is a premium sweatshirt designed for performance and comfort.
P100329,Samsung Galaxy S21,Samsung,Electronics,Smartphone,44524,INR,32,30276.32,3.8,3719,14132.2,Limited Stock,2025-05-16,Samsung Samsung Galaxy S21 is a premium smartphone designed for performance and comfort.
P100330,Dell Laptop,Dell,Electronics,Laptop,66009,INR,56,29043.96,4.6,2876,13229.6,In Stock,2024-05-19,Dell Dell Laptop is a premium laptop designed for performance and comfort.
P100331,Adidas Ultraboost,Adidas,Footwear,Running Shoes,6152,INR,58,2583.84,3.8,3558,13520.4,Limited Stock,2024-09-29,Adidas Adidas Ultraboost is a premium running shoes designed for performance and comfort.
P100332,Adidas Ultraboost,Adidas,Footwear,Running Shoes,5614,INR,24,4266.64,4.3,1486,6389.8,In Stock,2025-08-21,Adidas Adidas Ultraboost is a premium running shoes designed for performance and comfort.
P100333,American Tourister Bag,American Tourister,Accessories,Travel Bag,3370,INR,35,2190.5,4.8,4855,23304.0,In Stock,2025-08-28,American Tourister American Tourister Bag is a premium travel bag designed for performance and comfort.
P100334,Wildcraft Backpack,Wildcraft,Accessories,Backpack,4238,INR,40,2542.8,4.6,888,4084.8,In Stock,2026-04-24,Wildcraft Wildcraft Backpack is a premium backpack designed for performance and comfort.
P100335,RayBan Sunglasses,RayBan,Accessories,Sunglasses,370,INR,32,251.6,5.0,2489,12445.0,Out of Stock,2026-02-15,RayBan RayBan Sunglasses is a premium sunglasses designed for performance and comfort.
P100336,Puma Sneakers,Puma,Footwear,Sneakers,8022,INR,7,7460.46,4.9,4769,23368.1,In Stock,2024-06-18,Puma Puma Sneakers is a premium sneakers designed for performance and comfort.
P100337,HP Pavilion,HP,Electronics,Laptop,60966,INR,67,20118.78,4.7,3490,16403.0,Out of Stock,2026-03-25,HP HP Pavilion is a premium laptop designed for performance and comfort.
P100338,RayBan Sunglasses,RayBan,Accessories,Sunglasses,3695,INR,25,2771.25,4.4,706,3106.4,In Stock,2024-10-05,RayBan RayBan Sunglasses is a premium sunglasses designed for performance and comfort.
P100339,Adidas Ultraboost,Adidas,Footwear,Running Shoes,4686,INR,27,3420.78,4.0,407,1628.0,In Stock,2025-12-18,Adidas Adidas Ultraboost is a premium running shoes designed for performance and comfort.
P100340,Samsung Galaxy S21,Samsung,Electronics,Smartphone,35427,INR,26,26215.98,3.6,267,961.2,Out of Stock,2024-12-21,Samsung Samsung Galaxy S21 is a premium smartphone designed for performance and comfort.
P100341,Sony Headphones,Sony,Electronics,Headphones,27711,INR,14,23831.46,3.5,4839,16936.5,Limited Stock,2026-04-24,Sony Sony Headphones is a premium headphones designed for performance and comfort.
P100342,American Tourister Bag,American Tourister,Accessories,Travel Bag,4668,INR,48,2427.36,4.1,1250,5125.0,Limited Stock,2025-10-28,American Tourister American Tourister Bag is a premium travel bag designed for performance and comfort.
P100343,Nike T-shirt,Nike,Fashion,T-shirt,600,INR,40,360.0,4.3,1258,5409.4,Limited Stock,2024-12-25,Nike Nike T-shirt is a premium t-shirt designed for performance and comfort.
P100344,Samsung Galaxy S21,Samsung,Electronics,Smartphone,57489,INR,33,38517.63,4.8,4231,20308.8,Limited Stock,2025-11-27,Samsung Samsung Galaxy S21 is a premium smartphone designed for performance and comfort.
P100345,Puma Jacket,Puma,Fashion,Jacket,3188,INR,41,1880.92,4.6,1566,7203.6,In Stock,2025-10-10,Puma Puma Jacket is a premium jacket designed for performance and comfort.
P100346,Puma Sneakers,Puma,Footwear,Sneakers,3917,INR,20,3133.6,3.3,2266,7477.8,Out of Stock,2025-06-15,Puma Puma Sneakers is a premium sneakers designed for performance and comfort.
P100347,Zara Shirt,Zara,Fashion,Shirt,3797,INR,43,2164.29,3.8,1101,4183.8,Limited Stock,2025-03-04,Zara Zara Shirt is a premium shirt designed for performance and comfort.
P100348,Zara Shirt,Zara,Fashion,Shirt,1935,INR,44,1083.6,4.1,2517,10319.7,Limited Stock,2025-04-02,Zara Zara Shirt is a premium shirt designed for performance and comfort.
P100349,Nike Air Max,Nike,Footwear,Sneakers,9869,INR,37,6217.47,4.5,1179,5305.5,In Stock,2026-01-07,Nike Nike Air Max is a premium sneakers designed for performance and comfort.
P100350,Nike T-shirt,Nike,Fashion,T-shirt,2336,INR,59,957.76,4.6,4777,21974.2,Limited Stock,2025-09-22,Nike Nike T-shirt is a premium t-shirt designed for performance and comfort.
P100351,Nike Air Max,Nike,Footwear,Sneakers,9721,INR,47,5152.13,4.4,444,1953.6,Out of Stock,2024-08-13,Nike Nike Air Max is a premium sneakers designed for performance and comfort.
P100352,American Tourister Bag,American Tourister,Accessories,Travel Bag,6956,INR,48,3617.12,4.6,4905,22563.0,Limited Stock,2025-01-24,American Tourister American Tourister Bag is a premium travel bag designed for performance and comfort.
P100353,RayBan Sunglasses,RayBan,Accessories,Sunglasses,588,INR,39,358.68,4.6,2860,13156.0,Out of Stock,2025-04-28,RayBan RayBan Sunglasses is a premium sunglasses designed for performance and comfort.
P100354,Adidas Hoodie,Adidas,Fashion,Hoodie,3221,INR,29,2286.91,4.0,397,1588.0,Out of Stock,2026-04-03,Adidas Adidas Hoodie is a premium hoodie designed for performance and comfort.
P100355,Adidas Ultraboost,Adidas,Footwear,Running Shoes,5321,INR,17,4416.43,3.7,3494,12927.8,Limited Stock,2025-02-12,Adidas Adidas Ultraboost is a premium running shoes designed for performance and comfort.
P100356,Puma Sneakers,Puma,Footwear,Sneakers,6646,INR,70,1993.8,4.2,1016,4267.2,Limited Stock,2024-10-18,Puma Puma Sneakers is a premium sneakers designed for performance and comfort.
P100357,Sony Headphones,Sony,Electronics,Headphones,35073,INR,62,13327.74,3.8,4339,16488.2,In Stock,2024-11-08,Sony Sony Headphones is a premium headphones designed for performance and comfort.
P100358,Wildcraft Backpack,Wildcraft,Accessories,Backpack,4201,INR,49,2142.51,3.6,4547,16369.2,Out of Stock,2024-06-23,Wildcraft Wildcraft Backpack is a premium backpack designed for performance and comfort.
P100359,Puma Jacket,Puma,Fashion,Jacket,1900,INR,20,1520.0,4.3,3575,15372.5,Limited Stock,2025-01-17,Puma Puma Jacket is a premium jacket designed for performance and comfort.
P100360,RayBan Sunglasses,RayBan,Accessories,Sunglasses,4029,INR,38,2497.98,4.3,4542,19530.6,In Stock,2024-05-26,RayBan RayBan Sunglasses is a premium sunglasses designed for performance and comfort.
P100361,Fossil Watch,Fossil,Accessories,Watch,1476,INR,68,472.32,4.6,1896,8721.6,In Stock,2025-01-09,Fossil Fossil Watch is a premium watch designed for performance and comfort.
P100362,iPhone 13,Apple,Electronics,Smartphone,32853,INR,51,16097.97,3.6,1173,4222.8,Out of Stock,2024-09-17,Apple iPhone 13 is a premium smartphone designed for performance and comfort.
P100363,Puma Sneakers,Puma,Footwear,Sneakers,8991,INR,55,4045.95,3.9,60,234.0,In Stock,2024-05-12,Puma Puma Sneakers is a premium sneakers designed for performance and comfort.
P100364,American Tourister Bag,American Tourister,Accessories,Travel Bag,1724,INR,21,1361.96,4.2,802,3368.4,In Stock,2024-12-16,American Tourister American Tourister Bag is a premium travel bag designed for performance and comfort.
P100365,H&M Sweatshirt,H&M,Fashion,Sweatshirt,4632,INR,9,4215.12,4.1,2228,9134.8,In Stock,2024-08-04,H&M H&M Sweatshirt is a premium sweatshirt designed for performance and comfort.
P100366,Boat Earbuds,Boat,Electronics,Earbuds,25377,INR,59,10404.57,4.9,1991,9755.9,Out of Stock,2024-06-18,Boat Boat Earbuds is a premium earbuds designed for performance and comfort.
P100367,American Tourister Bag,American Tourister,Accessories,Travel Bag,2715,INR,58,1140.3,4.3,2881,12388.3,Limited Stock,2025-04-11,American Tourister American Tourister Bag is a premium travel bag designed for performance and comfort.
P100368,Boat Earbuds,Boat,Electronics,Earbuds,77454,INR,11,68934.06,3.9,2465,9613.5,Out of Stock,2025-05-15,Boat Boat Earbuds is a premium earbuds designed for performance and comfort.
P100369,American Tourister Bag,American Tourister,Accessories,Travel Bag,2040,INR,44,1142.4,3.8,952,3617.6,Limited Stock,2025-03-03,American Tourister American Tourister Bag is a premium travel bag designed for performance and comfort.
P100370,Boat Earbuds,Boat,Electronics,Earbuds,45555,INR,31,31432.95,3.5,3255,11392.5,Limited Stock,2025-12-28,Boat Boat Earbuds is a premium earbuds designed for performance and comfort.
P100371,Wildcraft Backpack,Wildcraft,Accessories,Backpack,5499,INR,70,1649.7,5.0,914,4570.0,Limited Stock,2024-06-18,Wildcraft Wildcraft Backpack is a premium backpack designed for performance and comfort.
P100372,Nike Air Max,Nike,Footwear,Sneakers,6284,INR,25,4713.0,4.8,2805,13464.0,Out of Stock,2026-01-13,Nike Nike Air Max is a premium sneakers designed for performance and comfort.
P100373,Zara Shirt,Zara,Fashion,Shirt,4177,INR,42,2422.66,3.6,3333,11998.8,In Stock,2024-07-06,Zara Zara Shirt is a premium shirt designed for performance and comfort.
P100374,RayBan Sunglasses,RayBan,Accessories,Sunglasses,3157,INR,52,1515.36,3.4,3379,11488.6,Out of Stock,2024-08-18,RayBan RayBan Sunglasses is a premium sunglasses designed for performance and comfort.
P100375,American Tourister Bag,American Tourister,Accessories,Travel Bag,1017,INR,63,376.29,3.2,2225,7120.0,In Stock,2025-11-13,American Tourister American Tourister Bag is a premium travel bag designed for performance and comfort.
P100376,Nike Air Max,Nike,Footwear,Sneakers,7578,INR,15,6441.3,3.8,2619,9952.2,Out of Stock,2024-10-14,Nike Nike Air Max is a premium sneakers designed for performance and comfort.
P100377,Fossil Watch,Fossil,Accessories,Watch,483,INR,32,328.44,4.1,1047,4292.7,Limited Stock,2024-07-27,Fossil Fossil Watch is a premium watch designed for performance and comfort.
P100378,H&M Sweatshirt,H&M,Fashion,Sweatshirt,2496,INR,58,1048.32,3.3,205,676.5,Limited Stock,2024-11-27,H&M H&M Sweatshirt is a premium sweatshirt designed for performance and comfort.
P100379,Zara Shirt,Zara,Fashion,Shirt,4013,INR,43,2287.41,4.0,2845,11380.0,Out of Stock,2026-01-22,Zara Zara Shirt is a premium shirt designed for performance and comfort.
P100380,Wildcraft Backpack,Wildcraft,Accessories,Backpack,1648,INR,14,1417.28,4.7,4081,19180.7,Out of Stock,2025-05-08,Wildcraft Wildcraft Backpack is a premium backpack designed for performance and comfort.
P100381,Fossil Watch,Fossil,Accessories,Watch,6382,INR,6,5999.08,3.4,664,2257.6,Limited Stock,2025-05-10,Fossil Fossil Watch is a premium watch designed for performance and comfort.
P100382,Adidas Hoodie,Adidas,Fashion,Hoodie,4232,INR,33,2835.44,4.8,1303,6254.4,Out of Stock,2024-08-28,Adidas Adidas Hoodie is a premium hoodie designed for performance and comfort.
P100383,OnePlus 11,OnePlus,Electronics,Smartphone,63070,INR,61,24597.3,4.0,1076,4304.0,Out of Stock,2025-03-19,OnePlus OnePlus 11 is a premium smartphone designed for performance and comfort.
P100384,Nike Air Max,Nike,Footwear,Sneakers,9948,INR,57,4277.64,3.4,291,989.4,Out of Stock,2025-04-01,Nike Nike Air Max is a premium sneakers designed for performance and comfort.
P100385,Adidas Ultraboost,Adidas,Footwear,Running Shoes,8232,INR,54,3786.72,4.8,416,1996.8,Out of Stock,2026-04-26,Adidas Adidas Ultraboost is a premium running shoes designed for performance and comfort.
P100386,Samsung Galaxy S21,Samsung,Electronics,Smartphone,68435,INR,51,33533.15,4.3,3742,16090.6,Out of Stock,2026-04-20,Samsung Samsung Galaxy S21 is a premium smartphone designed for performance and comfort.
P100387,Nike Air Max,Nike,Footwear,Sneakers,9326,INR,30,6528.2,4.2,2196,9223.2,Out of Stock,2025-11-22,Nike Nike Air Max is a premium sneakers designed for performance and comfort.
P100388,Boat Earbuds,Boat,Electronics,Earbuds,45377,INR,26,33578.98,4.5,2856,12852.0,Limited Stock,2025-03-10,Boat Boat Earbuds is a premium earbuds designed for performance and comfort.
P100389,Reebok Shoes,Reebok,Footwear,Training Shoes,2047,INR,6,1924.18,4.4,979,4307.6,Limited Stock,2025-03-31,Reebok Reebok Shoes is a premium training shoes designed for performance and comfort.
P100390,Reebok Shoes,Reebok,Footwear,Training Shoes,1206,INR,5,1145.7,3.7,2660,9842.0,Out of Stock,2024-11-17,Reebok Reebok Shoes is a premium training shoes designed for performance and comfort.
P100391,Puma Sneakers,Puma,Footwear,Sneakers,2183,INR,63,807.71,3.6,310,1116.0,Limited Stock,2025-02-16,Puma Puma Sneakers is a premium sneakers designed for performance and comfort.
P100392,OnePlus 11,OnePlus,Electronics,Smartphone,70030,INR,49,35715.3,4.4,4058,17855.2,Out of Stock,2024-10-09,OnePlus OnePlus 11 is a premium smartphone designed for performance and comfort.
P100393,Nike Air Max,Nike,Footwear,Sneakers,9629,INR,62,3659.02,4.3,669,2876.7,In Stock,2025-02-13,Nike Nike Air Max is a premium sneakers designed for performance and comfort.
P100394,Zara Shirt,Zara,Fashion,Shirt,1157,INR,27,844.61,3.4,4161,14147.4,Limited Stock,2024-08-30,Zara Zara Shirt is a premium shirt designed for performance and comfort.
P100395,American Tourister Bag,American Tourister,Accessories,Travel Bag,3621,INR,66,1231.14,4.6,2078,9558.8,Out of Stock,2024-12-17,American Tourister American Tourister Bag is a premium travel bag designed for performance and comfort.
P100396,Samsung Galaxy S21,Samsung,Electronics,Smartphone,22247,INR,29,15795.37,4.3,618,2657.4,Out of Stock,2025-10-11,Samsung Samsung Galaxy S21 is a premium smartphone designed for performance and comfort.
P100397,Reebok Shoes,Reebok,Footwear,Training Shoes,4085,INR,6,3839.9,3.5,1847,6464.5,In Stock,2025-04-27,Reebok Reebok Shoes is a premium training shoes designed for performance and comfort.
P100398,RayBan Sunglasses,RayBan,Accessories,Sunglasses,473,INR,11,420.97,4.7,4829,22696.3,Out of Stock,2025-10-25,RayBan RayBan Sunglasses is a premium sunglasses designed for performance and comfort.
P100399,Adidas Ultraboost,Adidas,Footwear,Running Shoes,2314,INR,19,1874.34,3.5,3740,13090.0,Out of Stock,2024-05-20,Adidas Adidas Ultraboost is a premium running shoes designed for performance and comfort.
P100400,Puma Sneakers,Puma,Footwear,Sneakers,2670,INR,31,1842.3,3.3,249,821.7,Limited Stock,2025-08-28,Puma Puma Sneakers is a premium sneakers designed for performance and comfort.
P100401,iPhone 13,Apple,Electronics,Smartphone,73614,INR,64,26501.04,4.0,1666,6664.0,Out of Stock,2026-04-09,Apple iPhone 13 is a premium smartphone designed for performance and comfort.
P100402,Fossil Watch,Fossil,Accessories,Watch,1833,INR,55,824.85,4.0,3781,15124.0,In Stock,2024-05-22,Fossil Fossil Watch is a premium watch designed for performance and comfort.
P100403,Nike Air Max,Nike,Footwear,Sneakers,9156,INR,11,8148.84,3.3,1054,3478.2,In Stock,2025-07-14,Nike Nike Air Max is a premium sneakers designed for performance and comfort.
P100404,Fossil Watch,Fossil,Accessories,Watch,1649,INR,43,939.93,4.2,309,1297.8,Limited Stock,2025-01-25,Fossil Fossil Watch is a premium watch designed for performance and comfort.
P100405,Fossil Watch,Fossil,Accessories,Watch,6194,INR,31,4273.86,3.6,556,2001.6,Limited Stock,2024-12-08,Fossil Fossil Watch is a premium watch designed for performance and comfort.
P100406,Puma Sneakers,Puma,Footwear,Sneakers,2352,INR,66,799.68,4.6,2577,11854.2,In Stock,2025-06-09,Puma Puma Sneakers is a premium sneakers designed for performance and comfort.
P100407,HP Pavilion,HP,Electronics,Laptop,15488,INR,61,6040.32,3.9,2894,11286.6,In Stock,2024-07-31,HP HP Pavilion is a premium laptop designed for performance and comfort.
P100408,Adidas Hoodie,Adidas,Fashion,Hoodie,4740,INR,35,3081.0,4.7,2370,11139.0,In Stock,2025-02-06,Adidas Adidas Hoodie is a premium hoodie designed for performance and comfort.
P100409,Nike Air Max,Nike,Footwear,Sneakers,9181,INR,34,6059.46,4.6,1509,6941.4,Limited Stock,2025-07-01,Nike Nike Air Max is a premium sneakers designed for performance and comfort.
P100410,Adidas Hoodie,Adidas,Fashion,Hoodie,1288,INR,69,399.28,4.0,3405,13620.0,Out of Stock,2025-06-20,Adidas Adidas Hoodie is a premium hoodie designed for performance and comfort.
P100411,Nike T-shirt,Nike,Fashion,T-shirt,2830,INR,24,2150.8,3.8,955,3629.0,Out of Stock,2024-12-05,Nike Nike T-shirt is a premium t-shirt designed for performance and comfort.
P100412,iPhone 13,Apple,Electronics,Smartphone,28820,INR,38,17868.4,4.5,2711,12199.5,Limited Stock,2025-03-25,Apple iPhone 13 is a premium smartphone designed for performance and comfort.
P100413,Samsung Galaxy S21,Samsung,Electronics,Smartphone,39647,INR,13,34492.89,3.8,4173,15857.4,Out of Stock,2025-07-07,Samsung Samsung Galaxy S21 is a premium smartphone designed for performance and comfort.
P100414,Reebok Shoes,Reebok,Footwear,Training Shoes,7922,INR,7,7367.46,3.9,3361,13107.9,Limited Stock,2026-03-26,Reebok Reebok Shoes is a premium training shoes designed for performance and comfort.
P100415,Wildcraft Backpack,Wildcraft,Accessories,Backpack,6255,INR,12,5504.4,3.8,711,2701.8,Limited Stock,2025-04-22,Wildcraft Wildcraft Backpack is a premium backpack designed for performance and comfort.
P100416,RayBan Sunglasses,RayBan,Accessories,Sunglasses,6255,INR,10,5629.5,3.3,2757,9098.1,Out of Stock,2025-09-11,RayBan RayBan Sunglasses is a premium sunglasses designed for performance and comfort.
P100417,Nike T-shirt,Nike,Fashion,T-shirt,4492,INR,55,2021.4,3.4,520,1768.0,Limited Stock,2025-12-10,Nike Nike T-shirt is a premium t-shirt designed for performance and comfort.
P100418,Puma Jacket,Puma,Fashion,Jacket,4617,INR,6,4339.98,4.8,2761,13252.8,Out of Stock,2024-10-09,Puma Puma Jacket is a premium jacket designed for performance and comfort.
P100419,Sony Headphones,Sony,Electronics,Headphones,24731,INR,40,14838.6,4.3,917,3943.1,Limited Stock,2026-01-27,Sony Sony Headphones is a premium headphones designed for performance and comfort.
P100420,HP Pavilion,HP,Electronics,Laptop,66666,INR,19,53999.46,4.6,1861,8560.6,Out of Stock,2025-11-07,HP HP Pavilion is a premium laptop designed for performance and comfort.
P100421,Puma Sneakers,Puma,Footwear,Sneakers,7399,INR,8,6807.08,4.7,3958,18602.6,In Stock,2025-12-03,Puma Puma Sneakers is a premium sneakers designed for performance and comfort.
P100422,Wildcraft Backpack,Wildcraft,Accessories,Backpack,6241,INR,64,2246.76,3.3,3163,10437.9,Limited Stock,2024-09-18,Wildcraft Wildcraft Backpack is a premium backpack designed for performance and comfort.
P100423,Reebok Shoes,Reebok,Footwear,Training Shoes,7606,INR,11,6769.34,3.8,782,2971.6,Limited Stock,2026-01-17,Reebok Reebok Shoes is a premium training shoes designed for performance and comfort.
P100424,iPhone 13,Apple,Electronics,Smartphone,48198,INR,5,45788.1,3.6,4672,16819.2,Limited Stock,2024-12-18,Apple iPhone 13 is a premium smartphone designed for performance and comfort.
P100425,Wildcraft Backpack,Wildcraft,Accessories,Backpack,1401,INR,37,882.63,4.3,3556,15290.8,Out of Stock,2025-04-17,Wildcraft Wildcraft Backpack is a premium backpack designed for performance and comfort.
P100426,H&M Sweatshirt,H&M,Fashion,Sweatshirt,1839,INR,8,1691.88,4.9,4696,23010.4,In Stock,2024-05-02,H&M H&M Sweatshirt is a premium sweatshirt designed for performance and comfort.
P100427,RayBan Sunglasses,RayBan,Accessories,Sunglasses,5247,INR,49,2675.97,4.6,2800,12880.0,Limited Stock,2024-10-20,RayBan RayBan Sunglasses is a premium sunglasses designed for performance and comfort.
P100428,Reebok Shoes,Reebok,Footwear,Training Shoes,4829,INR,51,2366.21,4.8,4072,19545.6,In Stock,2025-04-10,Reebok Reebok Shoes is a premium training shoes designed for performance and comfort.
P100429,Adidas Ultraboost,Adidas,Footwear,Running Shoes,8106,INR,19,6565.86,4.2,2999,12595.8,Out of Stock,2024-10-31,Adidas Adidas Ultraboost is a premium running shoes designed for performance and comfort.
P100430,Adidas Hoodie,Adidas,Fashion,Hoodie,1746,INR,58,733.32,3.4,4895,16643.0,Out of Stock,2026-01-12,Adidas Adidas Hoodie is a premium hoodie designed for performance and comfort.
P100431,Adidas Ultraboost,Adidas,Footwear,Running Shoes,2888,INR,19,2339.28,4.4,4126,18154.4,Out of Stock,2025-12-05,Adidas Adidas Ultraboost is a premium running shoes designed for performance and comfort.
P100432,Fossil Watch,Fossil,Accessories,Watch,3753,INR,14,3227.58,3.5,4174,14609.0,Out of Stock,2025-04-05,Fossil Fossil Watch is a premium watch designed for performance and comfort.
P100433,Fossil Watch,Fossil,Accessories,Watch,3264,INR,57,1403.52,4.1,3686,15112.6,Out of Stock,2024-11-30,Fossil Fossil Watch is a premium watch designed for performance and comfort.
P100434,OnePlus 11,OnePlus,Electronics,Smartphone,27401,INR,22,21372.78,4.0,3222,12888.0,In Stock,2024-11-30,OnePlus OnePlus 11 is a premium smartphone designed for performance and comfort.
P100435,OnePlus 11,OnePlus,Electronics,Smartphone,54086,INR,41,31910.74,4.7,4865,22865.5,In Stock,2025-01-03,OnePlus OnePlus 11 is a premium smartphone designed for performance and comfort.
P100436,H&M Sweatshirt,H&M,Fashion,Sweatshirt,1126,INR,25,844.5,3.5,2418,8463.0,In Stock,2026-04-14,H&M H&M Sweatshirt is a premium sweatshirt designed for performance and comfort.
P100437,Levi's Jeans,Levi's,Fashion,Jeans,3990,INR,7,3710.7,3.3,689,2273.7,Limited Stock,2024-11-22,Levi's Levi's Jeans is a premium jeans designed for performance and comfort.
P100438,Nike T-shirt,Nike,Fashion,T-shirt,2415,INR,39,1473.15,4.0,3355,13420.0,Out of Stock,2024-06-25,Nike Nike T-shirt is a premium t-shirt designed for performance and comfort.
P100439,iPhone 13,Apple,Electronics,Smartphone,17290,INR,40,10374.0,4.3,1652,7103.6,Limited Stock,2025-03-21,Apple iPhone 13 is a premium smartphone designed for performance and comfort.
P100440,Nike Air Max,Nike,Footwear,Sneakers,3878,INR,52,1861.44,3.5,4254,14889.0,In Stock,2025-01-31,Nike Nike Air Max is a premium sneakers designed for performance and comfort.
P100441,Nike Air Max,Nike,Footwear,Sneakers,9841,INR,44,5510.96,3.9,3328,12979.2,Out of Stock,2026-02-22,Nike Nike Air Max is a premium sneakers designed for performance and comfort.
P100442,H&M Sweatshirt,H&M,Fashion,Sweatshirt,1756,INR,52,842.88,3.4,4382,14898.8,Out of Stock,2025-09-22,H&M H&M Sweatshirt is a premium sweatshirt designed for performance and comfort.
P100443,H&M Sweatshirt,H&M,Fashion,Sweatshirt,3833,INR,60,1533.2,3.5,1122,3927.0,Limited Stock,2024-10-07,H&M H&M Sweatshirt is a premium sweatshirt designed for performance and comfort.
P100444,iPhone 13,Apple,Electronics,Smartphone,15351,INR,34,10131.66,4.8,2576,12364.8,Out of Stock,2024-11-25,Apple iPhone 13 is a premium smartphone designed for performance and comfort.
P100445,Fossil Watch,Fossil,Accessories,Watch,3035,INR,31,2094.15,4.7,908,4267.6,Out of Stock,2025-10-01,Fossil Fossil Watch is a premium watch designed for performance and comfort.
P100446,Samsung Galaxy S21,Samsung,Electronics,Smartphone,76972,INR,8,70814.24,4.8,2422,11625.6,Limited Stock,2024-09-08,Samsung Samsung Galaxy S21 is a premium smartphone designed for performance and comfort.
P100447,Wildcraft Backpack,Wildcraft,Accessories,Backpack,6032,INR,38,3739.84,4.6,40,184.0,In Stock,2026-04-15,Wildcraft Wildcraft Backpack is a premium backpack designed for performance and comfort.
P100448,American Tourister Bag,American Tourister,Accessories,Travel Bag,1434,INR,36,917.76,3.5,900,3150.0,Limited Stock,2025-12-30,American Tourister American Tourister Bag is a premium travel bag designed for performance and comfort.
P100449,Fossil Watch,Fossil,Accessories,Watch,4156,INR,36,2659.84,4.4,3106,13666.4,Out of Stock,2025-07-02,Fossil Fossil Watch is a premium watch designed for performance and comfort.
P100450,RayBan Sunglasses,RayBan,Accessories,Sunglasses,1767,INR,30,1236.9,4.5,416,1872.0,Out of Stock,2025-10-20,RayBan RayBan Sunglasses is a premium sunglasses designed for performance and comfort.
P100451,Samsung Galaxy S21,Samsung,Electronics,Smartphone,57359,INR,57,24664.37,4.9,2201,10784.9,Limited Stock,2025-10-07,Samsung Samsung Galaxy S21 is a premium smartphone designed for performance and comfort.
P100452,OnePlus 11,OnePlus,Electronics,Smartphone,72814,INR,60,29125.6,3.4,196,666.4,In Stock,2024-11-11,OnePlus OnePlus 11 is a premium smartphone designed for performance and comfort.
P100453,iPhone 13,Apple,Electronics,Smartphone,26522,INR,8,24400.24,3.8,887,3370.6,Out of Stock,2024-10-22,Apple iPhone 13 is a premium smartphone designed for performance and comfort.
P100454,Puma Sneakers,Puma,Footwear,Sneakers,2490,INR,28,1792.8,3.9,2279,8888.1,Limited Stock,2024-05-05,Puma Puma Sneakers is a premium sneakers designed for performance and comfort.
P100455,Wildcraft Backpack,Wildcraft,Accessories,Backpack,4737,INR,54,2179.02,4.2,4864,20428.8,Limited Stock,2025-04-19,Wildcraft Wildcraft Backpack is a premium backpack designed for performance and comfort.
P100456,Puma Sneakers,Puma,Footwear,Sneakers,8821,INR,15,7497.85,4.6,2369,10897.4,In Stock,2025-03-24,Puma Puma Sneakers is a premium sneakers designed for performance and comfort.
P100457,American Tourister Bag,American Tourister,Accessories,Travel Bag,3859,INR,11,3434.51,3.8,367,1394.6,In Stock,2024-10-05,American Tourister American Tourister Bag is a premium travel bag designed for performance and comfort.
P100458,Nike Air Max,Nike,Footwear,Sneakers,9334,INR,39,5693.74,3.3,401,1323.3,In Stock,2025-11-06,Nike Nike Air Max is a premium sneakers designed for performance and comfort.
P100459,iPhone 13,Apple,Electronics,Smartphone,74316,INR,51,36414.84,4.7,1607,7552.9,In Stock,2024-07-07,Apple iPhone 13 is a premium smartphone designed for performance and comfort.
P100460,Puma Sneakers,Puma,Footwear,Sneakers,2320,INR,29,1647.2,3.6,1587,5713.2,In Stock,2025-05-16,Puma Puma Sneakers is a premium sneakers designed for performance and comfort.
P100461,Puma Sneakers,Puma,Footwear,Sneakers,3180,INR,45,1749.0,3.4,1354,4603.6,Out of Stock,2025-01-14,Puma Puma Sneakers is a premium sneakers designed for performance and comfort.
P100462,Puma Sneakers,Puma,Footwear,Sneakers,3476,INR,41,2050.84,3.8,3628,13786.4,In Stock,2025-03-13,Puma Puma Sneakers is a premium sneakers designed for performance and comfort.
P100463,Puma Jacket,Puma,Fashion,Jacket,3456,INR,46,1866.24,3.4,4643,15786.2,In Stock,2025-04-18,Puma Puma Jacket is a premium jacket designed for performance and comfort.
P100464,Levi's Jeans,Levi's,Fashion,Jeans,610,INR,14,524.6,4.3,4643,19964.9,Limited Stock,2024-12-25,Levi's Levi's Jeans is a premium jeans designed for performance and comfort.
P100465,Puma Jacket,Puma,Fashion,Jacket,3180,INR,52,1526.4,3.3,688,2270.4,Limited Stock,2025-03-04,Puma Puma Jacket is a premium jacket designed for performance and comfort.
P100466,Fossil Watch,Fossil,Accessories,Watch,5384,INR,44,3015.04,4.3,1245,5353.5,Limited Stock,2024-11-13,Fossil Fossil Watch is a premium watch designed for performance and comfort.
P100467,Nike Air Max,Nike,Footwear,Sneakers,9084,INR,55,4087.8,4.8,4546,21820.8,Limited Stock,2024-05-23,Nike Nike Air Max is a premium sneakers designed for performance and comfort.
P100468,OnePlus 11,OnePlus,Electronics,Smartphone,60503,INR,67,19965.99,3.9,4431,17280.9,Limited Stock,2025-05-07,OnePlus OnePlus 11 is a premium smartphone designed for performance and comfort.
P100469,Adidas Ultraboost,Adidas,Footwear,Running Shoes,9133,INR,10,8219.7,4.4,2971,13072.4,Out of Stock,2024-07-13,Adidas Adidas Ultraboost is a premium running shoes designed for performance and comfort.
P100470,RayBan Sunglasses,RayBan,Accessories,Sunglasses,4932,INR,28,3551.04,4.2,674,2830.8,Limited Stock,2025-08-04,RayBan RayBan Sunglasses is a premium sunglasses designed for performance and comfort.
P100471,Boat Earbuds,Boat,Electronics,Earbuds,66056,INR,44,36991.36,4.9,2627,12872.3,In Stock,2024-09-16,Boat Boat Earbuds is a premium earbuds designed for performance and comfort.
P100472,American Tourister Bag,American Tourister,Accessories,Travel Bag,4301,INR,24,3268.76,4.0,4843,19372.0,In Stock,2026-03-05,American Tourister American Tourister Bag is a premium travel bag designed for performance and comfort.
P100473,HP Pavilion,HP,Electronics,Laptop,44586,INR,41,26305.74,3.4,3155,10727.0,Limited Stock,2025-05-31,HP HP Pavilion is a premium laptop designed for performance and comfort.
P100474,American Tourister Bag,American Tourister,Accessories,Travel Bag,5600,INR,70,1680.0,4.9,3956,19384.4,In Stock,2025-04-08,American Tourister American Tourister Bag is a premium travel bag designed for performance and comfort.
P100475,Adidas Ultraboost,Adidas,Footwear,Running Shoes,2302,INR,61,897.78,4.6,753,3463.8,Out of Stock,2025-10-27,Adidas Adidas Ultraboost is a premium running shoes designed for performance and comfort.
P100476,Sony Headphones,Sony,Electronics,Headphones,70487,INR,31,48636.03,4.0,968,3872.0,Out of Stock,2024-08-17,Sony Sony Headphones is a premium headphones designed for performance and comfort.
P100477,Adidas Ultraboost,Adidas,Footwear,Running Shoes,6777,INR,46,3659.58,4.2,4083,17148.6,Out of Stock,2026-02-11,Adidas Adidas Ultraboost is a premium running shoes designed for performance and comfort.
P100478,Samsung Galaxy S21,Samsung,Electronics,Smartphone,23054,INR,32,15676.72,3.6,2812,10123.2,Limited Stock,2024-06-30,Samsung Samsung Galaxy S21 is a premium smartphone designed for performance and comfort.
P100479,Adidas Hoodie,Adidas,Fashion,Hoodie,3506,INR,24,2664.56,4.8,865,4152.0,In Stock,2025-11-17,Adidas Adidas Hoodie is a premium hoodie designed for performance and comfort.
P100480,Levi's Jeans,Levi's,Fashion,Jeans,889,INR,25,666.75,3.5,1749,6121.5,In Stock,2024-12-24,Levi's Levi's Jeans is a premium jeans designed for performance and comfort.
P100481,Nike Air Max,Nike,Footwear,Sneakers,7324,INR,69,2270.44,3.8,4066,15450.8,Out of Stock,2024-06-10,Nike Nike Air Max is a premium sneakers designed for performance and comfort.
P100482,American Tourister Bag,American Tourister,Accessories,Travel Bag,4283,INR,13,3726.21,4.1,4632,18991.2,Out of Stock,2024-09-03,American Tourister American Tourister Bag is a premium travel bag designed for performance and comfort.
P100483,Wildcraft Backpack,Wildcraft,Accessories,Backpack,4325,INR,30,3027.5,3.5,2839,9936.5,In Stock,2025-06-23,Wildcraft Wildcraft Backpack is a premium backpack designed for performance and comfort.
P100484,Nike Air Max,Nike,Footwear,Sneakers,3551,INR,62,1349.38,4.2,4125,17325.0,Limited Stock,2024-07-16,Nike Nike Air Max is a premium sneakers designed for performance and comfort.
P100485,RayBan Sunglasses,RayBan,Accessories,Sunglasses,4541,INR,20,3632.8,4.7,522,2453.4,Out of Stock,2024-12-01,RayBan RayBan Sunglasses is a premium sunglasses designed for performance and comfort.
P100486,RayBan Sunglasses,RayBan,Accessories,Sunglasses,3031,INR,7,2818.83,3.9,4371,17046.9,Out of Stock,2026-04-23,RayBan RayBan Sunglasses is a premium sunglasses designed for performance and comfort.
P100487,Nike T-shirt,Nike,Fashion,T-shirt,1986,INR,31,1370.34,3.8,4031,15317.8,Limited Stock,2026-02-09,Nike Nike T-shirt is a premium t-shirt designed for performance and comfort.
P100488,iPhone 13,Apple,Electronics,Smartphone,22497,INR,60,8998.8,4.2,4304,18076.8,In Stock,2025-04-27,Apple iPhone 13 is a premium smartphone designed for performance and comfort.
P100489,RayBan Sunglasses,RayBan,Accessories,Sunglasses,1196,INR,53,562.12,4.2,3003,12612.6,Out of Stock,2024-05-16,RayBan RayBan Sunglasses is a premium sunglasses designed for performance and comfort.
P100490,Fossil Watch,Fossil,Accessories,Watch,2622,INR,5,2490.9,3.9,1511,5892.9,Limited Stock,2025-10-09,Fossil Fossil Watch is a premium watch designed for performance and comfort.
P100491,RayBan Sunglasses,RayBan,Accessories,Sunglasses,1341,INR,41,791.19,4.2,1702,7148.4,In Stock,2026-01-10,RayBan RayBan Sunglasses is a premium sunglasses designed for performance and comfort.
P100492,Zara Shirt,Zara,Fashion,Shirt,751,INR,18,615.82,3.4,3618,12301.2,Limited Stock,2024-11-19,Zara Zara Shirt is a premium shirt designed for performance and comfort.
P100493,Puma Sneakers,Puma,Footwear,Sneakers,7869,INR,51,3855.81,3.4,2017,6857.8,Limited Stock,2024-09-24,Puma Puma Sneakers is a premium sneakers designed for performance and comfort.
P100494,Zara Shirt,Zara,Fashion,Shirt,4023,INR,49,2051.73,3.3,1429,4715.7,Out of Stock,2026-03-01,Zara Zara Shirt is a premium shirt designed for performance and comfort.
P100495,Samsung Galaxy S21,Samsung,Electronics,Smartphone,24648,INR,32,16760.64,3.5,868,3038.0,In Stock,2024-09-14,Samsung Samsung Galaxy S21 is a premium smartphone designed for performance and comfort.
P100496,Sony Headphones,Sony,Electronics,Headphones,79588,INR,10,71629.2,4.8,2895,13896.0,Limited Stock,2025-09-06,Sony Sony Headphones is a premium headphones designed for performance and comfort.
P100497,Nike Air Max,Nike,Footwear,Sneakers,6896,INR,51,3379.04,5.0,2214,11070.0,In Stock,2024-06-26,Nike Nike Air Max is a premium sneakers designed for performance and comfort.
P100498,Nike T-shirt,Nike,Fashion,T-shirt,2050,INR,45,1127.5,3.8,3725,14155.0,Out of Stock,2024-08-02,Nike Nike T-shirt is a premium t-shirt designed for performance and comfort.
P100499,Wildcraft Backpack,Wildcraft,Accessories,Backpack,1787,INR,47,947.11,3.4,2266,7704.4,Limited Stock,2026-04-28,Wildcraft Wildcraft Backpack is a premium backpack designed for performance and comfort.
P100500,Wildcraft Backpack,Wildcraft,Accessories,Backpack,5037,INR,39,3072.57,4.6,4303,19793.8,In Stock,2025-04-25,Wildcraft Wildcraft Backpack is a premium backpack designed for performance and comfort.
P100501,Boat Earbuds,Boat,Electronics,Earbuds,65504,INR,31,45197.76,4.6,1959,9011.4,Limited Stock,2025-11-08,Boat Boat Earbuds is a premium earbuds designed for performance and comfort.
P100502,Zara Shirt,Zara,Fashion,Shirt,4349,INR,67,1435.17,4.2,4320,18144.0,Out of Stock,2025-07-26,Zara Zara Shirt is a premium shirt designed for performance and comfort.
P100503,Puma Sneakers,Puma,Footwear,Sneakers,1561,INR,65,546.35,3.8,4603,17491.4,Out of Stock,2025-11-10,Puma Puma Sneakers is a premium sneakers designed for performance and comfort.
P100504,Fossil Watch,Fossil,Accessories,Watch,380,INR,66,129.2,3.8,576,2188.8,Out of Stock,2024-10-31,Fossil Fossil Watch is a premium watch designed for performance and comfort.
P100505,HP Pavilion,HP,Electronics,Laptop,74443,INR,59,30521.63,3.7,2664,9856.8,In Stock,2026-04-19,HP HP Pavilion is a premium laptop designed for performance and comfort.
P100506,Reebok Shoes,Reebok,Footwear,Training Shoes,8830,INR,47,4679.9,3.5,4434,15519.0,Out of Stock,2024-08-23,Reebok Reebok Shoes is a premium training shoes designed for performance and comfort.
P100507,Levi's Jeans,Levi's,Fashion,Jeans,3505,INR,38,2173.1,3.6,4509,16232.4,In Stock,2025-07-20,Levi's Levi's Jeans is a premium jeans designed for performance and comfort.
P100508,Adidas Ultraboost,Adidas,Footwear,Running Shoes,7059,INR,64,2541.24,3.8,540,2052.0,Out of Stock,2025-08-16,Adidas Adidas Ultraboost is a premium running shoes designed for performance and comfort.
P100509,HP Pavilion,HP,Electronics,Laptop,17098,INR,65,5984.3,4.1,4508,18482.8,Limited Stock,2025-06-12,HP HP Pavilion is a premium laptop designed for performance and comfort.
P100510,Sony Headphones,Sony,Electronics,Headphones,50320,INR,62,19121.6,4.8,4917,23601.6,Out of Stock,2025-12-04,Sony Sony Headphones is a premium headphones designed for performance and comfort.
P100511,Nike Air Max,Nike,Footwear,Sneakers,1554,INR,36,994.56,4.5,2435,10957.5,Out of Stock,2025-03-17,Nike Nike Air Max is a premium sneakers designed for performance and comfort.
P100512,H&M Sweatshirt,H&M,Fashion,Sweatshirt,3640,INR,60,1456.0,3.2,3311,10595.2,In Stock,2024-09-08,H&M H&M Sweatshirt is a premium sweatshirt designed for performance and comfort.
P100513,H&M Sweatshirt,H&M,Fashion,Sweatshirt,4725,INR,67,1559.25,4.9,2913,14273.7,In Stock,2024-12-28,H&M H&M Sweatshirt is a premium sweatshirt designed for performance and comfort.
P100514,RayBan Sunglasses,RayBan,Accessories,Sunglasses,6028,INR,62,2290.64,4.9,2737,13411.3,In Stock,2025-06-15,RayBan RayBan Sunglasses is a premium sunglasses designed for performance and comfort.
P100515,Reebok Shoes,Reebok,Footwear,Training Shoes,2314,INR,55,1041.3,4.3,1896,8152.8,Limited Stock,2024-06-10,Reebok Reebok Shoes is a premium training shoes designed for performance and comfort.
P100516,Adidas Hoodie,Adidas,Fashion,Hoodie,3467,INR,66,1178.78,4.8,4355,20904.0,Limited Stock,2026-01-19,Adidas Adidas Hoodie is a premium hoodie designed for performance and comfort.
P100517,H&M Sweatshirt,H&M,Fashion,Sweatshirt,516,INR,25,387.0,4.6,1952,8979.2,Limited Stock,2024-09-19,H&M H&M Sweatshirt is a premium sweatshirt designed for performance and comfort.
P100518,Nike T-shirt,Nike,Fashion,T-shirt,998,INR,65,349.3,4.9,71,347.9,In Stock,2025-02-09,Nike Nike T-shirt is a premium t-shirt designed for performance and comfort.
P100519,Puma Jacket,Puma,Fashion,Jacket,2352,INR,52,1128.96,5.0,1978,9890.0,Out of Stock,2025-11-25,Puma Puma Jacket is a premium jacket designed for performance and comfort.
P100520,Adidas Hoodie,Adidas,Fashion,Hoodie,1629,INR,70,488.7,3.7,136,503.2,In Stock,2025-12-04,Adidas Adidas Hoodie is a premium hoodie designed for performance and comfort.
P100521,Puma Jacket,Puma,Fashion,Jacket,1800,INR,6,1692.0,4.0,4560,18240.0,Limited Stock,2025-06-05,Puma Puma Jacket is a premium jacket designed for performance and comfort.
P100522,Wildcraft Backpack,Wildcraft,Accessories,Backpack,5214,INR,40,3128.4,3.4,1335,4539.0,Out of Stock,2025-06-21,Wildcraft Wildcraft Backpack is a premium backpack designed for performance and comfort.
P100523,Levi's Jeans,Levi's,Fashion,Jeans,4860,INR,48,2527.2,4.0,3560,14240.0,Limited Stock,2025-08-17,Levi's Levi's Jeans is a premium jeans designed for performance and comfort.
P100524,Puma Sneakers,Puma,Footwear,Sneakers,6125,INR,57,2633.75,4.6,2412,11095.2,Out of Stock,2026-04-25,Puma Puma Sneakers is a premium sneakers designed for performance and comfort.
P100525,Adidas Hoodie,Adidas,Fashion,Hoodie,3005,INR,17,2494.15,4.0,3919,15676.0,Out of Stock,2025-05-05,Adidas Adidas Hoodie is a premium hoodie designed for performance and comfort.
P100526,Reebok Shoes,Reebok,Footwear,Training Shoes,2236,INR,58,939.12,3.8,1262,4795.6,Out of Stock,2025-01-31,Reebok Reebok Shoes is a premium training shoes designed for performance and comfort.
P100527,Nike T-shirt,Nike,Fashion,T-shirt,4945,INR,36,3164.8,4.4,2897,12746.8,Limited Stock,2026-03-26,Nike Nike T-shirt is a premium t-shirt designed for performance and comfort.
P100528,HP Pavilion,HP,Electronics,Laptop,44793,INR,68,14333.76,4.0,719,2876.0,Limited Stock,2025-11-05,HP HP Pavilion is a premium laptop designed for performance and comfort.
P100529,Sony Headphones,Sony,Electronics,Headphones,62330,INR,57,26801.9,4.3,39,167.7,Limited Stock,2026-03-24,Sony Sony Headphones is a premium headphones designed for performance and comfort.
P100530,Adidas Hoodie,Adidas,Fashion,Hoodie,1511,INR,62,574.18,3.2,422,1350.4,Limited Stock,2024-08-26,Adidas Adidas Hoodie is a premium hoodie designed for performance and comfort.
P100531,Adidas Ultraboost,Adidas,Footwear,Running Shoes,7740,INR,38,4798.8,4.4,660,2904.0,In Stock,2024-07-16,Adidas Adidas Ultraboost is a premium running shoes designed for performance and comfort.
P100532,Adidas Hoodie,Adidas,Fashion,Hoodie,4699,INR,48,2443.48,4.8,2713,13022.4,Out of Stock,2025-11-10,Adidas Adidas Hoodie is a premium hoodie designed for performance and comfort.
P100533,Adidas Ultraboost,Adidas,Footwear,Running Shoes,9963,INR,44,5579.28,4.3,1903,8182.9,Limited Stock,2025-07-18,Adidas Adidas Ultraboost is a premium running shoes designed for performance and comfort.
P100534,Puma Sneakers,Puma,Footwear,Sneakers,6217,INR,66,2113.78,3.5,1959,6856.5,Limited Stock,2025-02-25,Puma Puma Sneakers is a premium sneakers designed for performance and comfort.
P100535,Adidas Ultraboost,Adidas,Footwear,Running Shoes,6032,INR,21,4765.28,4.0,988,3952.0,Limited Stock,2024-12-18,Adidas Adidas Ultraboost is a premium running shoes designed for performance and comfort.
P100536,Adidas Ultraboost,Adidas,Footwear,Running Shoes,3024,INR,69,937.44,3.2,3087,9878.4,Limited Stock,2026-04-30,Adidas Adidas Ultraboost is a premium running shoes designed for performance and comfort.
P100537,Adidas Hoodie,Adidas,Fashion,Hoodie,1718,INR,57,738.74,4.2,3692,15506.4,Limited Stock,2026-03-19,Adidas Adidas Hoodie is a premium hoodie designed for performance and comfort.
P100538,iPhone 13,Apple,Electronics,Smartphone,64766,INR,38,40154.92,3.6,1302,4687.2,Out of Stock,2024-11-03,Apple iPhone 13 is a premium smartphone designed for performance and comfort.
P100539,Samsung Galaxy S21,Samsung,Electronics,Smartphone,50444,INR,36,32284.16,3.9,3235,12616.5,In Stock,2025-03-21,Samsung Samsung Galaxy S21 is a premium smartphone designed for performance and comfort.
P100540,Puma Jacket,Puma,Fashion,Jacket,1319,INR,51,646.31,5.0,4080,20400.0,In Stock,2025-07-06,Puma Puma Jacket is a premium jacket designed for performance and comfort.
P100541,Fossil Watch,Fossil,Accessories,Watch,3047,INR,38,1889.14,4.1,1797,7367.7,In Stock,2025-12-04,Fossil Fossil Watch is a premium watch designed for performance and comfort.
P100542,Boat Earbuds,Boat,Electronics,Earbuds,11572,INR,16,9720.48,3.3,3273,10800.9,Limited Stock,2024-07-04,Boat Boat Earbuds is a premium earbuds designed for performance and comfort.
P100543,RayBan Sunglasses,RayBan,Accessories,Sunglasses,6473,INR,11,5760.97,4.1,1669,6842.9,Out of Stock,2025-10-04,RayBan RayBan Sunglasses is a premium sunglasses designed for performance and comfort.
P100544,Samsung Galaxy S21,Samsung,Electronics,Smartphone,27620,INR,39,16848.2,3.6,1479,5324.4,Limited Stock,2025-08-24,Samsung Samsung Galaxy S21 is a premium smartphone designed for performance and comfort.
P100545,Zara Shirt,Zara,Fashion,Shirt,3464,INR,58,1454.88,3.5,3138,10983.0,In Stock,2026-03-20,Zara Zara Shirt is a premium shirt designed for performance and comfort.
P100546,Samsung Galaxy S21,Samsung,Electronics,Smartphone,16291,INR,41,9611.69,4.0,1573,6292.0,In Stock,2024-06-24,Samsung Samsung Galaxy S21 is a premium smartphone designed for performance and comfort.
P100547,Wildcraft Backpack,Wildcraft,Accessories,Backpack,1021,INR,20,816.8,3.3,1542,5088.6,Limited Stock,2024-05-31,Wildcraft Wildcraft Backpack is a premium backpack designed for performance and comfort.
P100548,Wildcraft Backpack,Wildcraft,Accessories,Backpack,6434,INR,6,6047.96,3.6,2196,7905.6,Out of Stock,2026-03-07,Wildcraft Wildcraft Backpack is a premium backpack designed for performance and comfort.
P100549,Fossil Watch,Fossil,Accessories,Watch,5225,INR,28,3762.0,4.6,547,2516.2,In Stock,2025-02-01,Fossil Fossil Watch is a premium watch designed for performance and comfort.
P100550,Fossil Watch,Fossil,Accessories,Watch,3052,INR,10,2746.8,3.8,100,380.0,Limited Stock,2026-01-11,Fossil Fossil Watch is a premium watch designed for performance and comfort.
P100551,RayBan Sunglasses,RayBan,Accessories,Sunglasses,3059,INR,45,1682.45,4.9,1589,7786.1,Limited Stock,2024-05-27,RayBan RayBan Sunglasses is a premium sunglasses designed for performance and comfort.
P100552,iPhone 13,Apple,Electronics,Smartphone,71813,INR,48,37342.76,4.9,3384,16581.6,In Stock,2025-09-29,Apple iPhone 13 is a premium smartphone designed for performance and comfort.
P100553,Puma Jacket,Puma,Fashion,Jacket,1080,INR,21,853.2,3.3,3381,11157.3,Limited Stock,2024-07-04,Puma Puma Jacket is a premium jacket designed for performance and comfort.
P100554,Puma Sneakers,Puma,Footwear,Sneakers,1756,INR,21,1387.24,4.6,2875,13225.0,Limited Stock,2024-12-08,Puma Puma Sneakers is a premium sneakers designed for performance and comfort.
P100555,Sony Headphones,Sony,Electronics,Headphones,29344,INR,36,18780.16,3.9,2501,9753.9,Limited Stock,2025-02-21,Sony Sony Headphones is a premium headphones designed for performance and comfort.
P100556,Sony Headphones,Sony,Electronics,Headphones,9375,INR,32,6375.0,5.0,4949,24745.0,Limited Stock,2025-06-02,Sony Sony Headphones is a premium headphones designed for performance and comfort.
P100557,Wildcraft Backpack,Wildcraft,Accessories,Backpack,2541,INR,31,1753.29,4.2,1788,7509.6,In Stock,2026-02-21,Wildcraft Wildcraft Backpack is a premium backpack designed for performance and comfort.
P100558,American Tourister Bag,American Tourister,Accessories,Travel Bag,4103,INR,62,1559.14,3.4,615,2091.0,In Stock,2026-04-20,American Tourister American Tourister Bag is a premium travel bag designed for performance and comfort.
P100559,Sony Headphones,Sony,Electronics,Headphones,23880,INR,17,19820.4,4.7,3223,15148.1,Limited Stock,2025-12-26,Sony Sony Headphones is a premium headphones designed for performance and comfort.
P100560,Levi's Jeans,Levi's,Fashion,Jeans,3609,INR,65,1263.15,4.7,4652,21864.4,Limited Stock,2025-01-11,Levi's Levi's Jeans is a premium jeans designed for performance and comfort.
P100561,Zara Shirt,Zara,Fashion,Shirt,1538,INR,64,553.68,4.8,4326,20764.8,Out of Stock,2024-06-06,Zara Zara Shirt is a premium shirt designed for performance and comfort.
P100562,Adidas Hoodie,Adidas,Fashion,Hoodie,3663,INR,52,1758.24,4.1,342,1402.2,In Stock,2024-07-08,Adidas Adidas Hoodie is a premium hoodie designed for performance and comfort.
P100563,Puma Jacket,Puma,Fashion,Jacket,2858,INR,8,2629.36,3.5,4500,15750.0,Out of Stock,2024-10-16,Puma Puma Jacket is a premium jacket designed for performance and comfort.
P100564,Adidas Ultraboost,Adidas,Footwear,Running Shoes,3349,INR,53,1574.03,4.5,2563,11533.5,Out of Stock,2025-08-14,Adidas Adidas Ultraboost is a premium running shoes designed for performance and comfort.
P100565,Zara Shirt,Zara,Fashion,Shirt,965,INR,37,607.95,3.9,1140,4446.0,Out of Stock,2026-05-01,Zara Zara Shirt is a premium shirt designed for performance and comfort.
P100566,Nike Air Max,Nike,Footwear,Sneakers,2898,INR,28,2086.56,3.6,2845,10242.0,Limited Stock,2025-01-01,Nike Nike Air Max is a premium sneakers designed for performance and comfort.
P100567,American Tourister Bag,American Tourister,Accessories,Travel Bag,1135,INR,35,737.75,4.2,1104,4636.8,In Stock,2026-04-07,American Tourister American Tourister Bag is a premium travel bag designed for performance and comfort.
P100568,Zara Shirt,Zara,Fashion,Shirt,3915,INR,50,1957.5,3.9,3071,11976.9,Out of Stock,2025-06-20,Zara Zara Shirt is a premium shirt designed for performance and comfort.
P100569,iPhone 13,Apple,Electronics,Smartphone,17936,INR,64,6456.96,4.8,4971,23860.8,In Stock,2026-01-02,Apple iPhone 13 is a premium smartphone designed for performance and comfort.
P100570,H&M Sweatshirt,H&M,Fashion,Sweatshirt,3508,INR,18,2876.56,3.6,169,608.4,In Stock,2025-01-09,H&M H&M Sweatshirt is a premium sweatshirt designed for performance and comfort.
P100571,HP Pavilion,HP,Electronics,Laptop,66928,INR,31,46180.32,4.6,3774,17360.4,Out of Stock,2024-10-02,HP HP Pavilion is a premium laptop designed for performance and comfort.
P100572,Puma Jacket,Puma,Fashion,Jacket,4901,INR,30,3430.7,4.9,3812,18678.8,Out of Stock,2024-12-10,Puma Puma Jacket is a premium jacket designed for performance and comfort.
P100573,American Tourister Bag,American Tourister,Accessories,Travel Bag,4738,INR,42,2748.04,4.9,707,3464.3,In Stock,2025-07-30,American Tourister American Tourister Bag is a premium travel bag designed for performance and comfort.
P100574,Adidas Hoodie,Adidas,Fashion,Hoodie,3097,INR,28,2229.84,4.2,1846,7753.2,In Stock,2025-05-19,Adidas Adidas Hoodie is a premium hoodie designed for performance and comfort.
P100575,Boat Earbuds,Boat,Electronics,Earbuds,35177,INR,57,15126.11,3.6,4549,16376.4,Out of Stock,2024-09-17,Boat Boat Earbuds is a premium earbuds designed for performance and comfort.
P100576,Fossil Watch,Fossil,Accessories,Watch,5566,INR,63,2059.42,4.5,4050,18225.0,In Stock,2024-10-17,Fossil Fossil Watch is a premium watch designed for performance and comfort.
P100577,Levi's Jeans,Levi's,Fashion,Jeans,1107,INR,67,365.31,3.5,2655,9292.5,In Stock,2024-10-22,Levi's Levi's Jeans is a premium jeans designed for performance and comfort.
P100578,Fossil Watch,Fossil,Accessories,Watch,619,INR,28,445.68,3.4,3672,12484.8,Out of Stock,2026-02-07,Fossil Fossil Watch is a premium watch designed for performance and comfort.
P100579,Puma Jacket,Puma,Fashion,Jacket,2877,INR,15,2445.45,4.4,4316,18990.4,Out of Stock,2024-06-24,Puma Puma Jacket is a premium jacket designed for performance and comfort.
P100580,Reebok Shoes,Reebok,Footwear,Training Shoes,1297,INR,63,479.89,4.8,2893,13886.4,Out of Stock,2025-05-15,Reebok Reebok Shoes is a premium training shoes designed for performance and comfort.
P100581,Puma Jacket,Puma,Fashion,Jacket,3306,INR,29,2347.26,3.4,2209,7510.6,Limited Stock,2024-11-19,Puma Puma Jacket is a premium jacket designed for performance and comfort.
P100582,Boat Earbuds,Boat,Electronics,Earbuds,48131,INR,45,26472.05,4.8,366,1756.8,Limited Stock,2025-05-01,Boat Boat Earbuds is a premium earbuds designed for performance and comfort.
P100583,H&M Sweatshirt,H&M,Fashion,Sweatshirt,1916,INR,19,1551.96,3.5,605,2117.5,In Stock,2025-05-03,H&M H&M Sweatshirt is a premium sweatshirt designed for performance and comfort.
P100584,American Tourister Bag,American Tourister,Accessories,Travel Bag,2480,INR,59,1016.8,3.2,3809,12188.8,Limited Stock,2024-08-30,American Tourister American Tourister Bag is a premium travel bag designed for performance and comfort.
P100585,Adidas Ultraboost,Adidas,Footwear,Running Shoes,6394,INR,31,4411.86,4.0,647,2588.0,Limited Stock,2026-03-11,Adidas Adidas Ultraboost is a premium running shoes designed for performance and comfort.
P100586,Puma Sneakers,Puma,Footwear,Sneakers,8955,INR,65,3134.25,3.5,4733,16565.5,Limited Stock,2026-04-30,Puma Puma Sneakers is a premium sneakers designed for performance and comfort.
P100587,Nike Air Max,Nike,Footwear,Sneakers,4445,INR,41,2622.55,4.2,631,2650.2,Limited Stock,2024-07-27,Nike Nike Air Max is a premium sneakers designed for performance and comfort.
P100588,Adidas Ultraboost,Adidas,Footwear,Running Shoes,6166,INR,44,3452.96,3.2,967,3094.4,Limited Stock,2024-06-27,Adidas Adidas Ultraboost is a premium running shoes designed for performance and comfort.
P100589,Nike T-shirt,Nike,Fashion,T-shirt,3396,INR,20,2716.8,3.8,675,2565.0,Out of Stock,2026-03-26,Nike Nike T-shirt is a premium t-shirt designed for performance and comfort.
P100590,American Tourister Bag,American Tourister,Accessories,Travel Bag,2449,INR,57,1053.07,3.2,1457,4662.4,Out of Stock,2024-10-28,American Tourister American Tourister Bag is a premium travel bag designed for performance and comfort.
P100591,Adidas Ultraboost,Adidas,Footwear,Running Shoes,8377,INR,30,5863.9,4.6,4629,21293.4,Out of Stock,2024-08-21,Adidas Adidas Ultraboost is a premium running shoes designed for performance and comfort.
P100592,Adidas Ultraboost,Adidas,Footwear,Running Shoes,3531,INR,30,2471.7,4.9,689,3376.1,Limited Stock,2024-06-27,Adidas Adidas Ultraboost is a premium running shoes designed for performance and comfort.
P100593,Puma Jacket,Puma,Fashion,Jacket,2467,INR,18,2022.94,3.3,4407,14543.1,In Stock,2025-12-29,Puma Puma Jacket is a premium jacket designed for performance and comfort.
P100594,Zara Shirt,Zara,Fashion,Shirt,1896,INR,55,853.2,4.0,3405,13620.0,In Stock,2024-09-27,Zara Zara Shirt is a premium shirt designed for performance and comfort.
P100595,Nike T-shirt,Nike,Fashion,T-shirt,3623,INR,65,1268.05,4.0,4755,19020.0,Limited Stock,2025-08-01,Nike Nike T-shirt is a premium t-shirt designed for performance and comfort.
P100596,Puma Sneakers,Puma,Footwear,Sneakers,4523,INR,58,1899.66,4.0,3013,12052.0,Limited Stock,2025-02-18,Puma Puma Sneakers is a premium sneakers designed for performance and comfort.
P100597,Nike T-shirt,Nike,Fashion,T-shirt,1332,INR,58,559.44,4.3,2173,9343.9,In Stock,2026-03-19,Nike Nike T-shirt is a premium t-shirt designed for performance and comfort.
P100598,OnePlus 11,OnePlus,Electronics,Smartphone,57643,INR,12,50725.84,4.1,2490,10209.0,Out of Stock,2024-07-01,OnePlus OnePlus 11 is a premium smartphone designed for performance and comfort.
P100599,iPhone 13,Apple,Electronics,Smartphone,65977,INR,33,44204.59,3.9,1345,5245.5,Out of Stock,2025-05-20,Apple iPhone 13 is a premium smartphone designed for performance and comfort.
P100600,Zara Shirt,Zara,Fashion,Shirt,2239,INR,15,1903.15,3.7,1467,5427.9,Limited Stock,2025-01-05,Zara Zara Shirt is a premium shirt designed for performance and comfort.
P100601,Dell Laptop,Dell,Electronics,Laptop,64195,INR,58,26961.9,4.0,1079,4316.0,Limited Stock,2026-03-21,Dell Dell Laptop is a premium laptop designed for performance and comfort.
P100602,Fossil Watch,Fossil,Accessories,Watch,5054,INR,20,4043.2,3.4,347,1179.8,Limited Stock,2025-08-08,Fossil Fossil Watch is a premium watch designed for performance and comfort.
P100603,iPhone 13,Apple,Electronics,Smartphone,35063,INR,23,26998.51,4.9,4983,24416.7,Limited Stock,2024-06-24,Apple iPhone 13 is a premium smartphone designed for performance and comfort.
P100604,RayBan Sunglasses,RayBan,Accessories,Sunglasses,3705,INR,21,2926.95,4.6,1897,8726.2,In Stock,2025-11-11,RayBan RayBan Sunglasses is a premium sunglasses designed for performance and comfort.
P100605,Adidas Ultraboost,Adidas,Footwear,Running Shoes,3216,INR,15,2733.6,3.2,3724,11916.8,Limited Stock,2025-12-23,Adidas Adidas Ultraboost is a premium running shoes designed for performance and comfort.
P100606,Levi's Jeans,Levi's,Fashion,Jeans,4380,INR,47,2321.4,4.5,3783,17023.5,In Stock,2024-08-07,Levi's Levi's Jeans is a premium jeans designed for performance and comfort.
P100607,Puma Sneakers,Puma,Footwear,Sneakers,4595,INR,59,1883.95,4.7,4412,20736.4,Limited Stock,2024-09-11,Puma Puma Sneakers is a premium sneakers designed for performance and comfort.
P100608,Wildcraft Backpack,Wildcraft,Accessories,Backpack,1372,INR,50,686.0,4.3,4489,19302.7,Limited Stock,2025-10-31,Wildcraft Wildcraft Backpack is a premium backpack designed for performance and comfort.
P100609,Sony Headphones,Sony,Electronics,Headphones,79638,INR,59,32651.58,4.3,3258,14009.4,In Stock,2026-01-21,Sony Sony Headphones is a premium headphones designed for performance and comfort.
P100610,Puma Sneakers,Puma,Footwear,Sneakers,1680,INR,17,1394.4,4.7,3305,15533.5,In Stock,2026-02-01,Puma Puma Sneakers is a premium sneakers designed for performance and comfort.
P100611,Dell Laptop,Dell,Electronics,Laptop,25971,INR,49,13245.21,3.7,1045,3866.5,Limited Stock,2026-02-25,Dell Dell Laptop is a premium laptop designed for performance and comfort.
P100612,H&M Sweatshirt,H&M,Fashion,Sweatshirt,3901,INR,11,3471.89,4.9,4394,21530.6,Limited Stock,2026-03-11,H&M H&M Sweatshirt is a premium sweatshirt designed for performance and comfort.
P100613,HP Pavilion,HP,Electronics,Laptop,28060,INR,69,8698.6,5.0,2466,12330.0,Out of Stock,2026-02-25,HP HP Pavilion is a premium laptop designed for performance and comfort.
P100614,American Tourister Bag,American Tourister,Accessories,Travel Bag,3100,INR,23,2387.0,4.7,1811,8511.7,Out of Stock,2024-10-19,American Tourister American Tourister Bag is a premium travel bag designed for performance and comfort.
P100615,RayBan Sunglasses,RayBan,Accessories,Sunglasses,3799,INR,5,3609.05,3.3,2014,6646.2,Limited Stock,2024-12-12,RayBan RayBan Sunglasses is a premium sunglasses designed for performance and comfort.
P100616,OnePlus 11,OnePlus,Electronics,Smartphone,76425,INR,43,43562.25,4.4,4808,21155.2,Limited Stock,2024-12-22,OnePlus OnePlus 11 is a premium smartphone designed for performance and comfort.
P100617,Reebok Shoes,Reebok,Footwear,Training Shoes,3081,INR,57,1324.83,5.0,2866,14330.0,Out of Stock,2025-08-13,Reebok Reebok Shoes is a premium training shoes designed for performance and comfort.
P100618,Fossil Watch,Fossil,Accessories,Watch,4751,INR,47,2518.03,4.3,2582,11102.6,In Stock,2026-01-20,Fossil Fossil Watch is a premium watch designed for performance and comfort.
P100619,HP Pavilion,HP,Electronics,Laptop,60751,INR,63,22477.87,4.7,3468,16299.6,Limited Stock,2026-01-21,HP HP Pavilion is a premium laptop designed for performance and comfort.
P100620,iPhone 13,Apple,Electronics,Smartphone,64592,INR,45,35525.6,3.8,768,2918.4,In Stock,2025-01-28,Apple iPhone 13 is a premium smartphone designed for performance and comfort.
P100621,Fossil Watch,Fossil,Accessories,Watch,1912,INR,34,1261.92,3.2,3457,11062.4,In Stock,2024-12-08,Fossil Fossil Watch is a premium watch designed for performance and comfort.
P100622,Samsung Galaxy S21,Samsung,Electronics,Smartphone,40407,INR,12,35558.16,3.3,1762,5814.6,In Stock,2024-05-24,Samsung Samsung Galaxy S21 is a premium smartphone designed for performance and comfort.
P100623,RayBan Sunglasses,RayBan,Accessories,Sunglasses,6122,INR,66,2081.48,5.0,2058,10290.0,Limited Stock,2025-11-24,RayBan RayBan Sunglasses is a premium sunglasses designed for performance and comfort.
P100624,Boat Earbuds,Boat,Electronics,Earbuds,24277,INR,70,7283.1,4.2,3868,16245.6,In Stock,2025-09-24,Boat Boat Earbuds is a premium earbuds designed for performance and comfort.
P100625,Nike Air Max,Nike,Footwear,Sneakers,9750,INR,26,7215.0,4.9,3058,14984.2,Out of Stock,2024-10-13,Nike Nike Air Max is a premium sneakers designed for performance and comfort.
P100626,Nike T-shirt,Nike,Fashion,T-shirt,1415,INR,30,990.5,3.5,3126,10941.0,Limited Stock,2024-08-04,Nike Nike T-shirt is a premium t-shirt designed for performance and comfort.
P100627,Nike Air Max,Nike,Footwear,Sneakers,9695,INR,25,7271.25,3.9,3691,14394.9,In Stock,2025-03-23,Nike Nike Air Max is a premium sneakers designed for performance and comfort.
P100628,RayBan Sunglasses,RayBan,Accessories,Sunglasses,3968,INR,9,3610.88,3.2,1061,3395.2,Out of Stock,2025-01-26,RayBan RayBan Sunglasses is a premium sunglasses designed for performance and comfort.
P100629,H&M Sweatshirt,H&M,Fashion,Sweatshirt,1539,INR,28,1108.08,4.9,2203,10794.7,Out of Stock,2025-06-02,H&M H&M Sweatshirt is a premium sweatshirt designed for performance and comfort.
P100630,OnePlus 11,OnePlus,Electronics,Smartphone,63291,INR,46,34177.14,4.5,3235,14557.5,Limited Stock,2024-08-19,OnePlus OnePlus 11 is a premium smartphone designed for performance and comfort.
P100631,Wildcraft Backpack,Wildcraft,Accessories,Backpack,6200,INR,29,4402.0,4.2,4031,16930.2,Out of Stock,2024-05-05,Wildcraft Wildcraft Backpack is a premium backpack designed for performance and comfort.
P100632,HP Pavilion,HP,Electronics,Laptop,58077,INR,27,42396.21,3.3,3018,9959.4,In Stock,2025-03-29,HP HP Pavilion is a premium laptop designed for performance and comfort.
P100633,Fossil Watch,Fossil,Accessories,Watch,1356,INR,70,406.8,5.0,1261,6305.0,In Stock,2024-08-31,Fossil Fossil Watch is a premium watch designed for performance and comfort.
P100634,Nike T-shirt,Nike,Fashion,T-shirt,1993,INR,56,876.92,4.2,3647,15317.4,In Stock,2024-09-23,Nike Nike T-shirt is a premium t-shirt designed for performance and comfort.
P100635,Wildcraft Backpack,Wildcraft,Accessories,Backpack,4163,INR,63,1540.31,4.8,1879,9019.2,Out of Stock,2025-04-12,Wildcraft Wildcraft Backpack is a premium backpack designed for performance and comfort.
P100636,Dell Laptop,Dell,Electronics,Laptop,50345,INR,65,17620.75,3.8,1892,7189.6,In Stock,2024-10-02,Dell Dell Laptop is a premium laptop designed for performance and comfort.
P100637,Reebok Shoes,Reebok,Footwear,Training Shoes,7740,INR,65,2709.0,3.2,133,425.6,Out of Stock,2025-02-03,Reebok Reebok Shoes is a premium training shoes designed for performance and comfort.
P100638,Levi's Jeans,Levi's,Fashion,Jeans,2550,INR,19,2065.5,4.0,3580,14320.0,Limited Stock,2026-03-10,Levi's Levi's Jeans is a premium jeans designed for performance and comfort.
P100639,Nike Air Max,Nike,Footwear,Sneakers,6981,INR,58,2932.02,4.2,4847,20357.4,In Stock,2024-06-08,Nike Nike Air Max is a premium sneakers designed for performance and comfort.
P100640,Wildcraft Backpack,Wildcraft,Accessories,Backpack,5993,INR,68,1917.76,3.7,4594,16997.8,Limited Stock,2026-02-26,Wildcraft Wildcraft Backpack is a premium backpack designed for performance and comfort.
P100641,H&M Sweatshirt,H&M,Fashion,Sweatshirt,3836,INR,55,1726.2,4.8,38,182.4,In Stock,2024-06-02,H&M H&M Sweatshirt is a premium sweatshirt designed for performance and comfort.
P100642,Puma Sneakers,Puma,Footwear,Sneakers,3407,INR,24,2589.32,3.3,2103,6939.9,In Stock,2025-10-21,Puma Puma Sneakers is a premium sneakers designed for performance and comfort.
P100643,Samsung Galaxy S21,Samsung,Electronics,Smartphone,68617,INR,51,33622.33,4.8,1541,7396.8,Out of Stock,2025-12-19,Samsung Samsung Galaxy S21 is a premium smartphone designed for performance and comfort.
P100644,Fossil Watch,Fossil,Accessories,Watch,3013,INR,19,2440.53,4.9,3572,17502.8,Limited Stock,2025-03-04,Fossil Fossil Watch is a premium watch designed for performance and comfort.
P100645,Zara Shirt,Zara,Fashion,Shirt,3874,INR,54,1782.04,5.0,945,4725.0,Limited Stock,2024-06-30,Zara Zara Shirt is a premium shirt designed for performance and comfort.
P100646,Sony Headphones,Sony,Electronics,Headphones,57994,INR,27,42335.62,4.3,1098,4721.4,Limited Stock,2024-08-16,Sony Sony Headphones is a premium headphones designed for performance and comfort.
P100647,Puma Sneakers,Puma,Footwear,Sneakers,4363,INR,9,3970.33,3.8,4816,18300.8,Out of Stock,2025-08-13,Puma Puma Sneakers is a premium sneakers designed for performance and comfort.
P100648,Puma Sneakers,Puma,Footwear,Sneakers,2023,INR,19,1638.63,3.6,1478,5320.8,Limited Stock,2025-01-11,Puma Puma Sneakers is a premium sneakers designed for performance and comfort.
P100649,Nike T-shirt,Nike,Fashion,T-shirt,3147,INR,40,1888.2,3.7,2907,10755.9,In Stock,2025-10-07,Nike Nike T-shirt is a premium t-shirt designed for performance and comfort.
P100650,American Tourister Bag,American Tourister,Accessories,Travel Bag,925,INR,23,712.25,4.6,3189,14669.4,Limited Stock,2025-09-30,American Tourister American Tourister Bag is a premium travel bag designed for performance and comfort.
P100651,Nike Air Max,Nike,Footwear,Sneakers,1641,INR,68,525.12,4.2,4701,19744.2,In Stock,2026-01-26,Nike Nike Air Max is a premium sneakers designed for performance and comfort.
P100652,Puma Sneakers,Puma,Footwear,Sneakers,8631,INR,70,2589.3,3.4,1693,5756.2,Out of Stock,2024-06-23,Puma Puma Sneakers is a premium sneakers designed for performance and comfort.
P100653,Puma Jacket,Puma,Fashion,Jacket,2337,INR,18,1916.34,3.2,3957,12662.4,Limited Stock,2025-07-09,Puma Puma Jacket is a premium jacket designed for performance and comfort.
P100654,Boat Earbuds,Boat,Electronics,Earbuds,33431,INR,38,20727.22,3.7,3541,13101.7,Limited Stock,2025-04-23,Boat Boat Earbuds is a premium earbuds designed for performance and comfort.
P100655,iPhone 13,Apple,Electronics,Smartphone,14594,INR,9,13280.54,4.7,1799,8455.3,Out of Stock,2024-08-28,Apple iPhone 13 is a premium smartphone designed for performance and comfort.
P100656,H&M Sweatshirt,H&M,Fashion,Sweatshirt,4306,INR,19,3487.86,3.6,1996,7185.6,Limited Stock,2024-10-04,H&M H&M Sweatshirt is a premium sweatshirt designed for performance and comfort.
P100657,Wildcraft Backpack,Wildcraft,Accessories,Backpack,6026,INR,56,2651.44,4.1,4789,19634.9,In Stock,2025-01-03,Wildcraft Wildcraft Backpack is a premium backpack designed for performance and comfort.
P100658,Reebok Shoes,Reebok,Footwear,Training Shoes,8145,INR,55,3665.25,4.5,581,2614.5,In Stock,2026-01-29,Reebok Reebok Shoes is a premium training shoes designed for performance and comfort.
P100659,HP Pavilion,HP,Electronics,Laptop,39973,INR,61,15589.47,4.4,3898,17151.2,Out of Stock,2024-12-30,HP HP Pavilion is a premium laptop designed for performance and comfort.
P100660,Nike T-shirt,Nike,Fashion,T-shirt,801,INR,65,280.35,3.5,1358,4753.0,Limited Stock,2026-01-26,Nike Nike T-shirt is a premium t-shirt designed for performance and comfort.
P100661,Dell Laptop,Dell,Electronics,Laptop,58248,INR,27,42521.04,3.7,3856,14267.2,Limited Stock,2025-06-04,Dell Dell Laptop is a premium laptop designed for performance and comfort.
P100662,Zara Shirt,Zara,Fashion,Shirt,2337,INR,15,1986.45,4.3,588,2528.4,Out of Stock,2024-05-20,Zara Zara Shirt is a premium shirt designed for performance and comfort.
P100663,RayBan Sunglasses,RayBan,Accessories,Sunglasses,3764,INR,31,2597.16,4.5,4364,19638.0,Out of Stock,2026-04-02,RayBan RayBan Sunglasses is a premium sunglasses designed for performance and comfort.
P100664,Sony Headphones,Sony,Electronics,Headphones,60614,INR,33,40611.38,4.3,410,1763.0,In Stock,2025-09-06,Sony Sony Headphones is a premium headphones designed for performance and comfort.
P100665,Boat Earbuds,Boat,Electronics,Earbuds,55239,INR,12,48610.32,4.3,2699,11605.7,Limited Stock,2024-12-13,Boat Boat Earbuds is a premium earbuds designed for performance and comfort.
P100666,Sony Headphones,Sony,Electronics,Headphones,32883,INR,44,18414.48,3.8,670,2546.0,Limited Stock,2026-04-26,Sony Sony Headphones is a premium headphones designed for performance and comfort.
P100667,Adidas Ultraboost,Adidas,Footwear,Running Shoes,3320,INR,62,1261.6,3.8,243,923.4,In Stock,2026-01-02,Adidas Adidas Ultraboost is a premium running shoes designed for performance and comfort.
P100668,Adidas Ultraboost,Adidas,Footwear,Running Shoes,7958,INR,55,3581.1,3.9,731,2850.9,Out of Stock,2025-09-16,Adidas Adidas Ultraboost is a premium running shoes designed for performance and comfort.
P100669,Boat Earbuds,Boat,Electronics,Earbuds,27030,INR,13,23516.1,3.7,2346,8680.2,Out of Stock,2025-10-24,Boat Boat Earbuds is a premium earbuds designed for performance and comfort.
P100670,Puma Jacket,Puma,Fashion,Jacket,567,INR,51,277.83,3.4,3559,12100.6,Out of Stock,2024-12-18,Puma Puma Jacket is a premium jacket designed for performance and comfort.
P100671,Nike Air Max,Nike,Footwear,Sneakers,5639,INR,12,4962.32,4.0,4813,19252.0,Limited Stock,2025-12-24,Nike Nike Air Max is a premium sneakers designed for performance and comfort.
P100672,Adidas Hoodie,Adidas,Fashion,Hoodie,2965,INR,47,1571.45,4.7,2225,10457.5,Limited Stock,2025-05-24,Adidas Adidas Hoodie is a premium hoodie designed for performance and comfort.
P100673,RayBan Sunglasses,RayBan,Accessories,Sunglasses,1401,INR,26,1036.74,3.4,1423,4838.2,Out of Stock,2025-05-28,RayBan RayBan Sunglasses is a premium sunglasses designed for performance and comfort.
P100674,Fossil Watch,Fossil,Accessories,Watch,3106,INR,21,2453.74,4.1,2252,9233.2,Out of Stock,2024-07-19,Fossil Fossil Watch is a premium watch designed for performance and comfort.
P100675,H&M Sweatshirt,H&M,Fashion,Sweatshirt,3090,INR,47,1637.7,4.4,1393,6129.2,Out of Stock,2024-05-28,H&M H&M Sweatshirt is a premium sweatshirt designed for performance and comfort.
P100676,Reebok Shoes,Reebok,Footwear,Training Shoes,8441,INR,61,3291.99,4.1,2211,9065.1,Out of Stock,2026-04-05,Reebok Reebok Shoes is a premium training shoes designed for performance and comfort.
P100677,H&M Sweatshirt,H&M,Fashion,Sweatshirt,3531,INR,18,2895.42,4.2,1143,4800.6,Limited Stock,2025-04-05,H&M H&M Sweatshirt is a premium sweatshirt designed for performance and comfort.
P100678,Fossil Watch,Fossil,Accessories,Watch,4756,INR,25,3567.0,4.2,1215,5103.0,Limited Stock,2024-08-13,Fossil Fossil Watch is a premium watch designed for performance and comfort.
P100679,Fossil Watch,Fossil,Accessories,Watch,6066,INR,28,4367.52,3.8,162,615.6,Out of Stock,2025-12-20,Fossil Fossil Watch is a premium watch designed for performance and comfort.
P100680,Wildcraft Backpack,Wildcraft,Accessories,Backpack,4473,INR,62,1699.74,4.5,2153,9688.5,Out of Stock,2024-07-22,Wildcraft Wildcraft Backpack is a premium backpack designed for performance and comfort.
P100681,Puma Sneakers,Puma,Footwear,Sneakers,3219,INR,59,1319.79,3.3,2881,9507.3,In Stock,2026-03-15,Puma Puma Sneakers is a premium sneakers designed for performance and comfort.
P100682,RayBan Sunglasses,RayBan,Accessories,Sunglasses,615,INR,40,369.0,4.7,683,3210.1,Out of Stock,2025-07-07,RayBan RayBan Sunglasses is a premium sunglasses designed for performance and comfort.
P100683,Adidas Ultraboost,Adidas,Footwear,Running Shoes,4163,INR,16,3496.92,3.5,74,259.0,Out of Stock,2024-09-03,Adidas Adidas Ultraboost is a premium running shoes designed for performance and comfort.
P100684,Adidas Ultraboost,Adidas,Footwear,Running Shoes,6477,INR,12,5699.76,3.6,3627,13057.2,Limited Stock,2024-12-20,Adidas Adidas Ultraboost is a premium running shoes designed for performance and comfort.
P100685,Dell Laptop,Dell,Electronics,Laptop,77753,INR,52,37321.44,4.3,712,3061.6,In Stock,2025-05-16,Dell Dell Laptop is a premium laptop designed for performance and comfort.
P100686,Reebok Shoes,Reebok,Footwear,Training Shoes,4700,INR,49,2397.0,4.7,4505,21173.5,Limited Stock,2024-09-27,Reebok Reebok Shoes is a premium training shoes designed for performance and comfort.
P100687,Adidas Ultraboost,Adidas,Footwear,Running Shoes,3135,INR,45,1724.25,3.5,544,1904.0,In Stock,2024-12-13,Adidas Adidas Ultraboost is a premium running shoes designed for performance and comfort.
P100688,Sony Headphones,Sony,Electronics,Headphones,20094,INR,7,18687.42,4.1,829,3398.9,Out of Stock,2024-08-01,Sony Sony Headphones is a premium headphones designed for performance and comfort.
P100689,American Tourister Bag,American Tourister,Accessories,Travel Bag,2181,INR,46,1177.74,4.5,3425,15412.5,Out of Stock,2025-11-08,American Tourister American Tourister Bag is a premium travel bag designed for performance and comfort.
P100690,OnePlus 11,OnePlus,Electronics,Smartphone,78431,INR,9,71372.21,3.7,2888,10685.6,In Stock,2025-11-02,OnePlus OnePlus 11 is a premium smartphone designed for performance and comfort.
P100691,Nike Air Max,Nike,Footwear,Sneakers,3441,INR,10,3096.9,3.9,1577,6150.3,In Stock,2025-06-04,Nike Nike Air Max is a premium sneakers designed for performance and comfort.
P100692,Zara Shirt,Zara,Fashion,Shirt,4335,INR,11,3858.15,4.6,3238,14894.8,Limited Stock,2026-02-22,Zara Zara Shirt is a premium shirt designed for performance and comfort.
P100693,Dell Laptop,Dell,Electronics,Laptop,64603,INR,58,27133.26,3.7,2314,8561.8,Out of Stock,2024-06-30,Dell Dell Laptop is a premium laptop designed for performance and comfort.
P100694,Puma Sneakers,Puma,Footwear,Sneakers,3633,INR,70,1089.9,5.0,2732,13660.0,In Stock,2025-10-29,Puma Puma Sneakers is a premium sneakers designed for performance and comfort.
P100695,Nike Air Max,Nike,Footwear,Sneakers,4064,INR,70,1219.2,3.8,4417,16784.6,In Stock,2025-07-10,Nike Nike Air Max is a premium sneakers designed for performance and comfort.
P100696,Fossil Watch,Fossil,Accessories,Watch,4376,INR,45,2406.8,5.0,4290,21450.0,Out of Stock,2025-04-15,Fossil Fossil Watch is a premium watch designed for performance and comfort.
P100697,Puma Sneakers,Puma,Footwear,Sneakers,1278,INR,20,1022.4,3.7,2983,11037.1,Out of Stock,2025-01-12,Puma Puma Sneakers is a premium sneakers designed for performance and comfort.
P100698,RayBan Sunglasses,RayBan,Accessories,Sunglasses,6504,INR,56,2861.76,4.3,4051,17419.3,In Stock,2024-08-28,RayBan RayBan Sunglasses is a premium sunglasses designed for performance and comfort.
P100699,Dell Laptop,Dell,Electronics,Laptop,60613,INR,27,44247.49,3.7,2371,8772.7,Out of Stock,2025-07-06,Dell Dell Laptop is a premium laptop designed for performance and comfort.
P100700,Puma Jacket,Puma,Fashion,Jacket,4944,INR,19,4004.64,3.9,3762,14671.8,Limited Stock,2024-12-20,Puma Puma Jacket is a premium jacket designed for performance and comfort.
P100701,American Tourister Bag,American Tourister,Accessories,Travel Bag,4000,INR,34,2640.0,4.0,1376,5504.0,Limited Stock,2026-04-17,American Tourister American Tourister Bag is a premium travel bag designed for performance and comfort.
P100702,Zara Shirt,Zara,Fashion,Shirt,1638,INR,68,524.16,4.5,221,994.5,In Stock,2024-11-01,Zara Zara Shirt is a premium shirt designed for performance and comfort.
P100703,Reebok Shoes,Reebok,Footwear,Training Shoes,1719,INR,22,1340.82,4.5,4375,19687.5,In Stock,2026-04-10,Reebok Reebok Shoes is a premium training shoes designed for performance and comfort.
P100704,Wildcraft Backpack,Wildcraft,Accessories,Backpack,6834,INR,35,4442.1,3.8,1318,5008.4,Out of Stock,2024-11-09,Wildcraft Wildcraft Backpack is a premium backpack designed for performance and comfort.
P100705,Adidas Hoodie,Adidas,Fashion,Hoodie,650,INR,65,227.5,3.8,1681,6387.8,Limited Stock,2026-04-09,Adidas Adidas Hoodie is a premium hoodie designed for performance and comfort.
P100706,American Tourister Bag,American Tourister,Accessories,Travel Bag,3005,INR,48,1562.6,4.0,4035,16140.0,Out of Stock,2025-04-06,American Tourister American Tourister Bag is a premium travel bag designed for performance and comfort.
P100707,Sony Headphones,Sony,Electronics,Headphones,20266,INR,31,13983.54,3.7,161,595.7,Limited Stock,2025-05-19,Sony Sony Headphones is a premium headphones designed for performance and comfort.
P100708,Nike Air Max,Nike,Footwear,Sneakers,1686,INR,54,775.56,4.4,3309,14559.6,Limited Stock,2026-04-30,Nike Nike Air Max is a premium sneakers designed for performance and comfort.
P100709,RayBan Sunglasses,RayBan,Accessories,Sunglasses,2521,INR,24,1915.96,4.8,3103,14894.4,In Stock,2025-11-12,RayBan RayBan Sunglasses is a premium sunglasses designed for performance and comfort.
P100710,Adidas Ultraboost,Adidas,Footwear,Running Shoes,6563,INR,6,6169.22,3.7,2608,9649.6,Limited Stock,2025-06-16,Adidas Adidas Ultraboost is a premium running shoes designed for performance and comfort.
P100711,H&M Sweatshirt,H&M,Fashion,Sweatshirt,4140,INR,36,2649.6,4.4,1455,6402.0,Limited Stock,2026-02-28,H&M H&M Sweatshirt is a premium sweatshirt designed for performance and comfort.
P100712,Wildcraft Backpack,Wildcraft,Accessories,Backpack,4834,INR,51,2368.66,4.0,1076,4304.0,Limited Stock,2024-10-06,Wildcraft Wildcraft Backpack is a premium backpack designed for performance and comfort.
P100713,Sony Headphones,Sony,Electronics,Headphones,10982,INR,31,7577.58,4.1,4061,16650.1,Limited Stock,2025-08-07,Sony Sony Headphones is a premium headphones designed for performance and comfort.
P100714,Puma Sneakers,Puma,Footwear,Sneakers,6063,INR,36,3880.32,3.4,2660,9044.0,Limited Stock,2024-06-13,Puma Puma Sneakers is a premium sneakers designed for performance and comfort.
P100715,Fossil Watch,Fossil,Accessories,Watch,3520,INR,52,1689.6,4.8,4626,22204.8,In Stock,2025-06-17,Fossil Fossil Watch is a premium watch designed for performance and comfort.
P100716,American Tourister Bag,American Tourister,Accessories,Travel Bag,3004,INR,25,2253.0,4.7,749,3520.3,Out of Stock,2025-09-15,American Tourister American Tourister Bag is a premium travel bag designed for performance and comfort.
P100717,iPhone 13,Apple,Electronics,Smartphone,73796,INR,22,57560.88,4.6,2808,12916.8,In Stock,2024-08-16,Apple iPhone 13 is a premium smartphone designed for performance and comfort.
P100718,Puma Sneakers,Puma,Footwear,Sneakers,3259,INR,47,1727.27,3.6,3385,12186.0,Limited Stock,2025-11-23,Puma Puma Sneakers is a premium sneakers designed for performance and comfort.
P100719,Wildcraft Backpack,Wildcraft,Accessories,Backpack,2338,INR,17,1940.54,4.3,4632,19917.6,In Stock,2025-10-08,Wildcraft Wildcraft Backpack is a premium backpack designed for performance and comfort.
P100720,Wildcraft Backpack,Wildcraft,Accessories,Backpack,6008,INR,8,5527.36,4.2,3858,16203.6,Limited Stock,2025-07-29,Wildcraft Wildcraft Backpack is a premium backpack designed for performance and comfort.
P100721,iPhone 13,Apple,Electronics,Smartphone,79407,INR,60,31762.8,4.6,3067,14108.2,In Stock,2024-12-13,Apple iPhone 13 is a premium smartphone designed for performance and comfort.
P100722,Dell Laptop,Dell,Electronics,Laptop,8280,INR,69,2566.8,4.9,4497,22035.3,Limited Stock,2025-08-10,Dell Dell Laptop is a premium laptop designed for performance and comfort.
P100723,Puma Sneakers,Puma,Footwear,Sneakers,2812,INR,34,1855.92,4.6,2083,9581.8,Out of Stock,2025-12-13,Puma Puma Sneakers is a premium sneakers designed for performance and comfort.
P100724,American Tourister Bag,American Tourister,Accessories,Travel Bag,2836,INR,18,2325.52,5.0,4192,20960.0,Out of Stock,2025-11-04,American Tourister American Tourister Bag is a premium travel bag designed for performance and comfort.
P100725,Nike T-shirt,Nike,Fashion,T-shirt,4884,INR,51,2393.16,4.3,1914,8230.2,In Stock,2025-05-25,Nike Nike T-shirt is a premium t-shirt designed for performance and comfort.
P100726,American Tourister Bag,American Tourister,Accessories,Travel Bag,5018,INR,10,4516.2,4.9,4508,22089.2,Out of Stock,2024-05-28,American Tourister American Tourister Bag is a premium travel bag designed for performance and comfort.
P100727,OnePlus 11,OnePlus,Electronics,Smartphone,55757,INR,47,29551.21,4.6,3557,16362.2,Out of Stock,2025-01-20,OnePlus OnePlus 11 is a premium smartphone designed for performance and comfort.
P100728,Puma Jacket,Puma,Fashion,Jacket,4877,INR,7,4535.61,3.4,171,581.4,Limited Stock,2025-09-03,Puma Puma Jacket is a premium jacket designed for performance and comfort.
P100729,Reebok Shoes,Reebok,Footwear,Training Shoes,2784,INR,62,1057.92,4.2,1949,8185.8,In Stock,2025-09-09,Reebok Reebok Shoes is a premium training shoes designed for performance and comfort.
P100730,American Tourister Bag,American Tourister,Accessories,Travel Bag,5139,INR,64,1850.04,4.6,502,2309.2,In Stock,2025-12-19,American Tourister American Tourister Bag is a premium travel bag designed for performance and comfort.
P100731,OnePlus 11,OnePlus,Electronics,Smartphone,27281,INR,10,24552.9,4.2,4348,18261.6,In Stock,2025-07-28,OnePlus OnePlus 11 is a premium smartphone designed for performance and comfort.
P100732,American Tourister Bag,American Tourister,Accessories,Travel Bag,6834,INR,14,5877.24,3.4,2806,9540.4,In Stock,2025-10-26,American Tourister American Tourister Bag is a premium travel bag designed for performance and comfort.
P100733,HP Pavilion,HP,Electronics,Laptop,19884,INR,46,10737.36,4.6,2646,12171.6,In Stock,2025-12-03,HP HP Pavilion is a premium laptop designed for performance and comfort.
P100734,Nike T-shirt,Nike,Fashion,T-shirt,2475,INR,37,1559.25,4.7,4689,22038.3,Limited Stock,2026-04-27,Nike Nike T-shirt is a premium t-shirt designed for performance and comfort.
P100735,Wildcraft Backpack,Wildcraft,Accessories,Backpack,6935,INR,57,2982.05,4.6,3118,14342.8,Out of Stock,2024-08-28,Wildcraft Wildcraft Backpack is a premium backpack designed for performance and comfort.
P100736,Nike T-shirt,Nike,Fashion,T-shirt,1086,INR,59,445.26,4.2,678,2847.6,Limited Stock,2025-06-23,Nike Nike T-shirt is a premium t-shirt designed for performance and comfort.
P100737,Nike T-shirt,Nike,Fashion,T-shirt,741,INR,31,511.29,3.4,137,465.8,Limited Stock,2024-10-27,Nike Nike T-shirt is a premium t-shirt designed for performance and comfort.
P100738,Adidas Ultraboost,Adidas,Footwear,Running Shoes,5540,INR,51,2714.6,4.2,2994,12574.8,In Stock,2025-10-10,Adidas Adidas Ultraboost is a premium running shoes designed for performance and comfort.
P100739,Wildcraft Backpack,Wildcraft,Accessories,Backpack,2693,INR,46,1454.22,4.9,4117,20173.3,In Stock,2024-07-23,Wildcraft Wildcraft Backpack is a premium backpack designed for performance and comfort.
P100740,Nike T-shirt,Nike,Fashion,T-shirt,2306,INR,7,2144.58,3.3,2134,7042.2,Limited Stock,2026-01-06,Nike Nike T-shirt is a premium t-shirt designed for performance and comfort.
P100741,Samsung Galaxy S21,Samsung,Electronics,Smartphone,64652,INR,63,23921.24,4.8,689,3307.2,Limited Stock,2025-11-19,Samsung Samsung Galaxy S21 is a premium smartphone designed for performance and comfort.
P100742,iPhone 13,Apple,Electronics,Smartphone,48269,INR,32,32822.92,3.9,4260,16614.0,Out of Stock,2025-02-23,Apple iPhone 13 is a premium smartphone designed for performance and comfort.
P100743,Reebok Shoes,Reebok,Footwear,Training Shoes,4809,INR,25,3606.75,3.4,4495,15283.0,In Stock,2026-04-17,Reebok Reebok Shoes is a premium training shoes designed for performance and comfort.
P100744,Nike Air Max,Nike,Footwear,Sneakers,3210,INR,16,2696.4,3.2,3430,10976.0,In Stock,2025-06-30,Nike Nike Air Max is a premium sneakers designed for performance and comfort.
P100745,American Tourister Bag,American Tourister,Accessories,Travel Bag,2601,INR,30,1820.7,3.4,473,1608.2,In Stock,2025-06-12,American Tourister American Tourister Bag is a premium travel bag designed for performance and comfort.
P100746,Reebok Shoes,Reebok,Footwear,Training Shoes,6038,INR,33,4045.46,4.3,585,2515.5,Out of Stock,2025-01-15,Reebok Reebok Shoes is a premium training shoes designed for performance and comfort.
P100747,Nike Air Max,Nike,Footwear,Sneakers,8934,INR,32,6075.12,4.0,3749,14996.0,Out of Stock,2025-10-28,Nike Nike Air Max is a premium sneakers designed for performance and comfort.
P100748,OnePlus 11,OnePlus,Electronics,Smartphone,41590,INR,17,34519.7,3.8,4105,15599.0,Limited Stock,2025-09-09,OnePlus OnePlus 11 is a premium smartphone designed for performance and comfort.
P100749,OnePlus 11,OnePlus,Electronics,Smartphone,27205,INR,58,11426.1,4.2,4254,17866.8,In Stock,2026-03-16,OnePlus OnePlus 11 is a premium smartphone designed for performance and comfort.
P100750,Fossil Watch,Fossil,Accessories,Watch,5714,INR,65,1999.9,3.2,1104,3532.8,Limited Stock,2024-07-13,Fossil Fossil Watch is a premium watch designed for performance and comfort.
P100751,Puma Sneakers,Puma,Footwear,Sneakers,9833,INR,45,5408.15,3.2,4755,15216.0,Out of Stock,2026-04-20,Puma Puma Sneakers is a premium sneakers designed for performance and comfort.
P100752,Adidas Ultraboost,Adidas,Footwear,Running Shoes,3137,INR,36,2007.68,5.0,878,4390.0,Out of Stock,2024-12-31,Adidas Adidas Ultraboost is a premium running shoes designed for performance and comfort.
P100753,American Tourister Bag,American Tourister,Accessories,Travel Bag,6035,INR,9,5491.85,3.9,1221,4761.9,Limited Stock,2025-11-25,American Tourister American Tourister Bag is a premium travel bag designed for performance and comfort.
P100754,Puma Jacket,Puma,Fashion,Jacket,3107,INR,22,2423.46,3.3,1552,5121.6,In Stock,2025-04-12,Puma Puma Jacket is a premium jacket designed for performance and comfort.
P100755,Wildcraft Backpack,Wildcraft,Accessories,Backpack,6845,INR,51,3354.05,4.4,3507,15430.8,Out of Stock,2024-06-20,Wildcraft Wildcraft Backpack is a premium backpack designed for performance and comfort.
P100756,Zara Shirt,Zara,Fashion,Shirt,2992,INR,44,1675.52,3.9,4862,18961.8,In Stock,2024-06-07,Zara Zara Shirt is a premium shirt designed for performance and comfort.
P100757,Boat Earbuds,Boat,Electronics,Earbuds,53391,INR,21,42178.89,5.0,302,1510.0,Out of Stock,2026-04-10,Boat Boat Earbuds is a premium earbuds designed for performance and comfort.
P100758,H&M Sweatshirt,H&M,Fashion,Sweatshirt,4989,INR,19,4041.09,4.0,2000,8000.0,In Stock,2025-06-23,H&M H&M Sweatshirt is a premium sweatshirt designed for performance and comfort.
P100759,Sony Headphones,Sony,Electronics,Headphones,71068,INR,24,54011.68,3.8,4290,16302.0,Limited Stock,2026-02-02,Sony Sony Headphones is a premium headphones designed for performance and comfort.
P100760,Fossil Watch,Fossil,Accessories,Watch,2310,INR,60,924.0,3.7,161,595.7,Out of Stock,2026-01-24,Fossil Fossil Watch is a premium watch designed for performance and comfort.
P100761,Dell Laptop,Dell,Electronics,Laptop,40941,INR,38,25383.42,4.8,3336,16012.8,Limited Stock,2025-05-17,Dell Dell Laptop is a premium laptop designed for performance and comfort.
P100762,Levi's Jeans,Levi's,Fashion,Jeans,2283,INR,41,1346.97,3.8,4494,17077.2,Limited Stock,2025-10-09,Levi's Levi's Jeans is a premium jeans designed for performance and comfort.
P100763,RayBan Sunglasses,RayBan,Accessories,Sunglasses,4668,INR,10,4201.2,3.9,2115,8248.5,Limited Stock,2024-08-21,RayBan RayBan Sunglasses is a premium sunglasses designed for performance and comfort.
P100764,Samsung Galaxy S21,Samsung,Electronics,Smartphone,63079,INR,12,55509.52,4.6,1878,8638.8,Limited Stock,2024-11-28,Samsung Samsung Galaxy S21 is a premium smartphone designed for performance and comfort.
P100765,Puma Jacket,Puma,Fashion,Jacket,4934,INR,18,4045.88,4.9,3789,18566.1,Limited Stock,2024-09-30,Puma Puma Jacket is a premium jacket designed for performance and comfort.
P100766,Wildcraft Backpack,Wildcraft,Accessories,Backpack,5194,INR,48,2700.88,3.5,3057,10699.5,Limited Stock,2024-07-10,Wildcraft Wildcraft Backpack is a premium backpack designed for performance and comfort.
P100767,Puma Jacket,Puma,Fashion,Jacket,820,INR,37,516.6,4.9,4122,20197.8,Limited Stock,2025-03-12,Puma Puma Jacket is a premium jacket designed for performance and comfort.
P100768,Dell Laptop,Dell,Electronics,Laptop,57258,INR,53,26911.26,4.8,310,1488.0,Limited Stock,2024-11-25,Dell Dell Laptop is a premium laptop designed for performance and comfort.
P100769,Reebok Shoes,Reebok,Footwear,Training Shoes,7521,INR,10,6768.9,4.4,4379,19267.6,Limited Stock,2025-08-25,Reebok Reebok Shoes is a premium training shoes designed for performance and comfort.
P100770,Adidas Ultraboost,Adidas,Footwear,Running Shoes,5933,INR,9,5399.03,4.4,390,1716.0,Out of Stock,2024-11-10,Adidas Adidas Ultraboost is a premium running shoes designed for performance and comfort.
P100771,Samsung Galaxy S21,Samsung,Electronics,Smartphone,60132,INR,28,43295.04,4.5,2626,11817.0,Out of Stock,2025-05-05,Samsung Samsung Galaxy S21 is a premium smartphone designed for performance and comfort.
P100772,Sony Headphones,Sony,Electronics,Headphones,23859,INR,31,16462.71,3.2,4185,13392.0,In Stock,2025-08-24,Sony Sony Headphones is a premium headphones designed for performance and comfort.
P100773,Fossil Watch,Fossil,Accessories,Watch,2789,INR,35,1812.85,3.8,144,547.2,In Stock,2024-11-10,Fossil Fossil Watch is a premium watch designed for performance and comfort.
P100774,Puma Jacket,Puma,Fashion,Jacket,2091,INR,60,836.4,4.3,3180,13674.0,In Stock,2026-02-19,Puma Puma Jacket is a premium jacket designed for performance and comfort.
P100775,OnePlus 11,OnePlus,Electronics,Smartphone,64708,INR,53,30412.76,4.4,2455,10802.0,In Stock,2025-12-11,OnePlus OnePlus 11 is a premium smartphone designed for performance and comfort.
P100776,American Tourister Bag,American Tourister,Accessories,Travel Bag,2783,INR,29,1975.93,3.9,4010,15639.0,Out of Stock,2025-08-06,American Tourister American Tourister Bag is a premium travel bag designed for performance and comfort.
P100777,Adidas Ultraboost,Adidas,Footwear,Running Shoes,8006,INR,35,5203.9,4.7,1871,8793.7,Out of Stock,2025-08-08,Adidas Adidas Ultraboost is a premium running shoes designed for performance and comfort.
P100778,Adidas Ultraboost,Adidas,Footwear,Running Shoes,5644,INR,22,4402.32,4.3,3434,14766.2,Limited Stock,2025-08-23,Adidas Adidas Ultraboost is a premium running shoes designed for performance and comfort.
P100779,RayBan Sunglasses,RayBan,Accessories,Sunglasses,6311,INR,32,4291.48,4.5,3161,14224.5,Limited Stock,2024-10-28,RayBan RayBan Sunglasses is a premium sunglasses designed for performance and comfort.
P100780,RayBan Sunglasses,RayBan,Accessories,Sunglasses,4340,INR,17,3602.2,4.8,2269,10891.2,In Stock,2025-08-31,RayBan RayBan Sunglasses is a premium sunglasses designed for performance and comfort.
P100781,Levi's Jeans,Levi's,Fashion,Jeans,1317,INR,31,908.73,4.8,1199,5755.2,In Stock,2024-09-01,Levi's Levi's Jeans is a premium jeans designed for performance and comfort.
P100782,American Tourister Bag,American Tourister,Accessories,Travel Bag,6363,INR,26,4708.62,3.8,2985,11343.0,Limited Stock,2025-06-25,American Tourister American Tourister Bag is a premium travel bag designed for performance and comfort.
P100783,Boat Earbuds,Boat,Electronics,Earbuds,48267,INR,30,33786.9,4.6,1362,6265.2,In Stock,2024-12-23,Boat Boat Earbuds is a premium earbuds designed for performance and comfort.
P100784,RayBan Sunglasses,RayBan,Accessories,Sunglasses,4640,INR,58,1948.8,4.0,2517,10068.0,Out of Stock,2024-11-25,RayBan RayBan Sunglasses is a premium sunglasses designed for performance and comfort.
P100785,Nike Air Max,Nike,Footwear,Sneakers,9782,INR,14,8412.52,4.0,1374,5496.0,Out of Stock,2025-07-28,Nike Nike Air Max is a premium sneakers designed for performance and comfort.
P100786,Puma Jacket,Puma,Fashion,Jacket,2308,INR,27,1684.84,4.5,870,3915.0,Out of Stock,2025-05-23,Puma Puma Jacket is a premium jacket designed for performance and comfort.
P100787,American Tourister Bag,American Tourister,Accessories,Travel Bag,1729,INR,60,691.6,4.8,4792,23001.6,Limited Stock,2026-04-23,American Tourister American Tourister Bag is a premium travel bag designed for performance and comfort.
P100788,RayBan Sunglasses,RayBan,Accessories,Sunglasses,3188,INR,48,1657.76,3.6,4783,17218.8,Out of Stock,2024-07-15,RayBan RayBan Sunglasses is a premium sunglasses designed for performance and comfort.
P100789,Wildcraft Backpack,Wildcraft,Accessories,Backpack,3976,INR,37,2504.88,4.4,1661,7308.4,In Stock,2026-03-22,Wildcraft Wildcraft Backpack is a premium backpack designed for performance and comfort.
P100790,Wildcraft Backpack,Wildcraft,Accessories,Backpack,3808,INR,51,1865.92,4.8,4683,22478.4,Limited Stock,2024-08-23,Wildcraft Wildcraft Backpack is a premium backpack designed for performance and comfort.
P100791,Samsung Galaxy S21,Samsung,Electronics,Smartphone,72623,INR,31,50109.87,4.2,2381,10000.2,Out of Stock,2025-05-10,Samsung Samsung Galaxy S21 is a premium smartphone designed for performance and comfort.
P100792,Levi's Jeans,Levi's,Fashion,Jeans,4166,INR,20,3332.8,4.4,1729,7607.6,Out of Stock,2025-10-13,Levi's Levi's Jeans is a premium jeans designed for performance and comfort.
P100793,RayBan Sunglasses,RayBan,Accessories,Sunglasses,4794,INR,59,1965.54,3.4,4790,16286.0,Out of Stock,2025-11-17,RayBan RayBan Sunglasses is a premium sunglasses designed for performance and comfort.
P100794,iPhone 13,Apple,Electronics,Smartphone,19676,INR,55,8854.2,3.4,2661,9047.4,Limited Stock,2024-05-18,Apple iPhone 13 is a premium smartphone designed for performance and comfort.
P100795,HP Pavilion,HP,Electronics,Laptop,47715,INR,44,26720.4,3.9,2950,11505.0,In Stock,2024-06-23,HP HP Pavilion is a premium laptop designed for performance and comfort.
P100796,HP Pavilion,HP,Electronics,Laptop,43801,INR,57,18834.43,4.3,2750,11825.0,In Stock,2025-08-22,HP HP Pavilion is a premium laptop designed for performance and comfort.
P100797,Zara Shirt,Zara,Fashion,Shirt,4357,INR,66,1481.38,4.0,90,360.0,Out of Stock,2025-11-06,Zara Zara Shirt is a premium shirt designed for performance and comfort.
P100798,Dell Laptop,Dell,Electronics,Laptop,39199,INR,7,36455.07,3.8,4012,15245.6,In Stock,2025-12-04,Dell Dell Laptop is a premium laptop designed for performance and comfort.
P100799,Wildcraft Backpack,Wildcraft,Accessories,Backpack,2196,INR,45,1207.8,4.2,3849,16165.8,Out of Stock,2025-05-05,Wildcraft Wildcraft Backpack is a premium backpack designed for performance and comfort.
P100800,H&M Sweatshirt,H&M,Fashion,Sweatshirt,3798,INR,6,3570.12,4.8,3249,15595.2,Limited Stock,2026-02-19,H&M H&M Sweatshirt is a premium sweatshirt designed for performance and comfort.
P100801,Fossil Watch,Fossil,Accessories,Watch,5478,INR,62,2081.64,4.3,1517,6523.1,Out of Stock,2026-02-24,Fossil Fossil Watch is a premium watch designed for performance and comfort.
P100802,American Tourister Bag,American Tourister,Accessories,Travel Bag,3785,INR,42,2195.3,4.4,3969,17463.6,Out of Stock,2026-02-13,American Tourister American Tourister Bag is a premium travel bag designed for performance and comfort.
P100803,Puma Sneakers,Puma,Footwear,Sneakers,4424,INR,51,2167.76,3.5,4421,15473.5,Limited Stock,2024-05-30,Puma Puma Sneakers is a premium sneakers designed for performance and comfort.
P100804,iPhone 13,Apple,Electronics,Smartphone,65577,INR,14,56396.22,3.5,3173,11105.5,Limited Stock,2024-09-03,Apple iPhone 13 is a premium smartphone designed for performance and comfort.
P100805,Samsung Galaxy S21,Samsung,Electronics,Smartphone,43176,INR,18,35404.32,4.5,860,3870.0,Out of Stock,2024-06-20,Samsung Samsung Galaxy S21 is a premium smartphone designed for performance and comfort.
P100806,RayBan Sunglasses,RayBan,Accessories,Sunglasses,3642,INR,55,1638.9,4.5,4796,21582.0,Limited Stock,2025-01-17,RayBan RayBan Sunglasses is a premium sunglasses designed for performance and comfort.
P100807,Puma Jacket,Puma,Fashion,Jacket,754,INR,27,550.42,4.3,2158,9279.4,In Stock,2024-10-20,Puma Puma Jacket is a premium jacket designed for performance and comfort.
P100808,Fossil Watch,Fossil,Accessories,Watch,4285,INR,53,2013.95,4.3,2143,9214.9,In Stock,2025-08-17,Fossil Fossil Watch is a premium watch designed for performance and comfort.
P100809,HP Pavilion,HP,Electronics,Laptop,31932,INR,54,14688.72,3.9,1456,5678.4,Out of Stock,2025-08-31,HP HP Pavilion is a premium laptop designed for performance and comfort.
P100810,Fossil Watch,Fossil,Accessories,Watch,1582,INR,42,917.56,4.5,4006,18027.0,Out of Stock,2025-08-22,Fossil Fossil Watch is a premium watch designed for performance and comfort.
P100811,Sony Headphones,Sony,Electronics,Headphones,35603,INR,41,21005.77,4.1,2371,9721.1,Limited Stock,2025-10-07,Sony Sony Headphones is a premium headphones designed for performance and comfort.
P100812,Puma Sneakers,Puma,Footwear,Sneakers,5072,INR,51,2485.28,3.5,2742,9597.0,Limited Stock,2024-07-09,Puma Puma Sneakers is a premium sneakers designed for performance and comfort.
P100813,Wildcraft Backpack,Wildcraft,Accessories,Backpack,3926,INR,38,2434.12,3.5,1994,6979.0,In Stock,2024-05-20,Wildcraft Wildcraft Backpack is a premium backpack designed for performance and comfort.
P100814,Boat Earbuds,Boat,Electronics,Earbuds,62142,INR,19,50335.02,4.4,3660,16104.0,Out of Stock,2024-07-26,Boat Boat Earbuds is a premium earbuds designed for performance and comfort.
P100815,American Tourister Bag,American Tourister,Accessories,Travel Bag,6834,INR,68,2186.88,4.3,691,2971.3,Out of Stock,2024-07-18,American Tourister American Tourister Bag is a premium travel bag designed for performance and comfort.
P100816,Dell Laptop,Dell,Electronics,Laptop,56536,INR,44,31660.16,3.9,262,1021.8,Limited Stock,2025-01-17,Dell Dell Laptop is a premium laptop designed for performance and comfort.
P100817,OnePlus 11,OnePlus,Electronics,Smartphone,45443,INR,59,18631.63,3.9,3270,12753.0,Out of Stock,2025-09-01,OnePlus OnePlus 11 is a premium smartphone designed for performance and comfort.
P100818,Puma Jacket,Puma,Fashion,Jacket,3183,INR,55,1432.35,3.3,4692,15483.6,Out of Stock,2025-03-28,Puma Puma Jacket is a premium jacket designed for performance and comfort.
P100819,Fossil Watch,Fossil,Accessories,Watch,5524,INR,66,1878.16,4.0,1223,4892.0,In Stock,2024-05-17,Fossil Fossil Watch is a premium watch designed for performance and comfort.
P100820,Fossil Watch,Fossil,Accessories,Watch,4898,INR,53,2302.06,4.1,2561,10500.1,Out of Stock,2025-11-16,Fossil Fossil Watch is a premium watch designed for performance and comfort.
P100821,RayBan Sunglasses,RayBan,Accessories,Sunglasses,569,INR,50,284.5,3.9,4291,16734.9,In Stock,2024-10-04,RayBan RayBan Sunglasses is a premium sunglasses designed for performance and comfort.
P100822,H&M Sweatshirt,H&M,Fashion,Sweatshirt,1665,INR,26,1232.1,4.0,3653,14612.0,Out of Stock,2024-12-28,H&M H&M Sweatshirt is a premium sweatshirt designed for performance and comfort.
P100823,Adidas Ultraboost,Adidas,Footwear,Running Shoes,4015,INR,12,3533.2,4.1,4354,17851.4,Limited Stock,2026-03-03,Adidas Adidas Ultraboost is a premium running shoes designed for performance and comfort.
P100824,H&M Sweatshirt,H&M,Fashion,Sweatshirt,3673,INR,43,2093.61,4.9,681,3336.9,In Stock,2025-12-29,H&M H&M Sweatshirt is a premium sweatshirt designed for performance and comfort.
P100825,RayBan Sunglasses,RayBan,Accessories,Sunglasses,3843,INR,15,3266.55,3.8,2516,9560.8,In Stock,2024-07-06,RayBan RayBan Sunglasses is a premium sunglasses designed for performance and comfort.
P100826,Nike Air Max,Nike,Footwear,Sneakers,6013,INR,43,3427.41,3.3,969,3197.7,Out of Stock,2025-05-26,Nike Nike Air Max is a premium sneakers designed for performance and comfort.
P100827,Puma Sneakers,Puma,Footwear,Sneakers,8666,INR,63,3206.42,4.7,2483,11670.1,Out of Stock,2025-09-18,Puma Puma Sneakers is a premium sneakers designed for performance and comfort.
P100828,Puma Jacket,Puma,Fashion,Jacket,3412,INR,21,2695.48,3.8,2174,8261.2,Out of Stock,2025-12-12,Puma Puma Jacket is a premium jacket designed for performance and comfort.
P100829,Nike T-shirt,Nike,Fashion,T-shirt,1959,INR,45,1077.45,4.7,4093,19237.1,Limited Stock,2024-10-21,Nike Nike T-shirt is a premium t-shirt designed for performance and comfort.
P100830,Reebok Shoes,Reebok,Footwear,Training Shoes,2720,INR,55,1224.0,4.7,983,4620.1,Out of Stock,2025-08-03,Reebok Reebok Shoes is a premium training shoes designed for performance and comfort.
P100831,Zara Shirt,Zara,Fashion,Shirt,2116,INR,47,1121.48,4.0,4867,19468.0,In Stock,2026-01-01,Zara Zara Shirt is a premium shirt designed for performance and comfort.
P100832,Sony Headphones,Sony,Electronics,Headphones,60711,INR,12,53425.68,4.2,1060,4452.0,In Stock,2025-05-12,Sony Sony Headphones is a premium headphones designed for performance and comfort.
P100833,Sony Headphones,Sony,Electronics,Headphones,17425,INR,29,12371.75,4.3,1110,4773.0,Limited Stock,2025-07-16,Sony Sony Headphones is a premium headphones designed for performance and comfort.
P100834,Samsung Galaxy S21,Samsung,Electronics,Smartphone,60042,INR,52,28820.16,3.5,56,196.0,Limited Stock,2024-08-17,Samsung Samsung Galaxy S21 is a premium smartphone designed for performance and comfort.
P100835,Zara Shirt,Zara,Fashion,Shirt,2473,INR,23,1904.21,4.3,2720,11696.0,Limited Stock,2024-12-19,Zara Zara Shirt is a premium shirt designed for performance and comfort.
P100836,Wildcraft Backpack,Wildcraft,Accessories,Backpack,6407,INR,12,5638.16,4.6,961,4420.6,In Stock,2025-08-25,Wildcraft Wildcraft Backpack is a premium backpack designed for performance and comfort.
P100837,Adidas Hoodie,Adidas,Fashion,Hoodie,3231,INR,63,1195.47,4.0,946,3784.0,In Stock,2025-12-20,Adidas Adidas Hoodie is a premium hoodie designed for performance and comfort.
P100838,RayBan Sunglasses,RayBan,Accessories,Sunglasses,3377,INR,46,1823.58,4.0,1165,4660.0,Out of Stock,2024-11-07,RayBan RayBan Sunglasses is a premium sunglasses designed for performance and comfort.
P100839,Reebok Shoes,Reebok,Footwear,Training Shoes,8406,INR,68,2689.92,4.6,2631,12102.6,In Stock,2024-09-01,Reebok Reebok Shoes is a premium training shoes designed for performance and comfort.
P100840,Adidas Hoodie,Adidas,Fashion,Hoodie,3844,INR,62,1460.72,4.6,631,2902.6,Out of Stock,2025-12-28,Adidas Adidas Hoodie is a premium hoodie designed for performance and comfort.
P100841,HP Pavilion,HP,Electronics,Laptop,57271,INR,57,24626.53,4.8,2324,11155.2,Out of Stock,2026-03-27,HP HP Pavilion is a premium laptop designed for performance and comfort.
P100842,Reebok Shoes,Reebok,Footwear,Training Shoes,7980,INR,14,6862.8,3.5,2808,9828.0,Limited Stock,2026-04-08,Reebok Reebok Shoes is a premium training shoes designed for performance and comfort.
P100843,Wildcraft Backpack,Wildcraft,Accessories,Backpack,3497,INR,67,1154.01,4.1,77,315.7,Out of Stock,2026-02-02,Wildcraft Wildcraft Backpack is a premium backpack designed for performance and comfort.
P100844,Nike Air Max,Nike,Footwear,Sneakers,2890,INR,11,2572.1,4.7,2282,10725.4,Out of Stock,2025-06-29,Nike Nike Air Max is a premium sneakers designed for performance and comfort.
P100845,Fossil Watch,Fossil,Accessories,Watch,6153,INR,6,5783.82,3.9,1984,7737.6,Limited Stock,2025-03-29,Fossil Fossil Watch is a premium watch designed for performance and comfort.
P100846,Puma Sneakers,Puma,Footwear,Sneakers,5790,INR,61,2258.1,4.4,328,1443.2,Limited Stock,2024-10-07,Puma Puma Sneakers is a premium sneakers designed for performance and comfort.
P100847,Puma Jacket,Puma,Fashion,Jacket,1433,INR,59,587.53,3.3,2085,6880.5,In Stock,2025-08-30,Puma Puma Jacket is a premium jacket designed for performance and comfort.
P100848,Nike T-shirt,Nike,Fashion,T-shirt,2056,INR,42,1192.48,4.6,4405,20263.0,Limited Stock,2025-08-14,Nike Nike T-shirt is a premium t-shirt designed for performance and comfort.
P100849,Reebok Shoes,Reebok,Footwear,Training Shoes,6007,INR,31,4144.83,3.8,3108,11810.4,Out of Stock,2024-08-27,Reebok Reebok Shoes is a premium training shoes designed for performance and comfort.
P100850,Reebok Shoes,Reebok,Footwear,Training Shoes,2781,INR,5,2641.95,3.6,3660,13176.0,In Stock,2025-01-11,Reebok Reebok Shoes is a premium training shoes designed for performance and comfort.
P100851,Puma Sneakers,Puma,Footwear,Sneakers,7104,INR,32,4830.72,4.5,1856,8352.0,Limited Stock,2024-10-22,Puma Puma Sneakers is a premium sneakers designed for performance and comfort.
P100852,Sony Headphones,Sony,Electronics,Headphones,56726,INR,11,50486.14,5.0,4652,23260.0,Out of Stock,2024-10-07,Sony Sony Headphones is a premium headphones designed for performance and comfort.
P100853,Adidas Ultraboost,Adidas,Footwear,Running Shoes,4296,INR,7,3995.28,3.5,308,1078.0,In Stock,2025-05-27,Adidas Adidas Ultraboost is a premium running shoes designed for performance and comfort.
P100854,Nike Air Max,Nike,Footwear,Sneakers,1788,INR,29,1269.48,4.2,2529,10621.8,In Stock,2025-08-22,Nike Nike Air Max is a premium sneakers designed for performance and comfort.
P100855,Puma Sneakers,Puma,Footwear,Sneakers,2380,INR,16,1999.2,4.6,1150,5290.0,Out of Stock,2024-08-17,Puma Puma Sneakers is a premium sneakers designed for performance and comfort.
P100856,Wildcraft Backpack,Wildcraft,Accessories,Backpack,3056,INR,39,1864.16,4.6,1951,8974.6,In Stock,2026-01-24,Wildcraft Wildcraft Backpack is a premium backpack designed for performance and comfort.
P100857,Reebok Shoes,Reebok,Footwear,Training Shoes,6247,INR,25,4685.25,3.6,2150,7740.0,In Stock,2024-06-07,Reebok Reebok Shoes is a premium training shoes designed for performance and comfort.
P100858,Adidas Ultraboost,Adidas,Footwear,Running Shoes,6473,INR,67,2136.09,4.4,120,528.0,Limited Stock,2026-03-26,Adidas Adidas Ultraboost is a premium running shoes designed for performance and comfort.
P100859,iPhone 13,Apple,Electronics,Smartphone,58478,INR,64,21052.08,4.8,3421,16420.8,In Stock,2024-10-24,Apple iPhone 13 is a premium smartphone designed for performance and comfort.
P100860,RayBan Sunglasses,RayBan,Accessories,Sunglasses,3536,INR,65,1237.6,3.8,4187,15910.6,Limited Stock,2024-11-12,RayBan RayBan Sunglasses is a premium sunglasses designed for performance and comfort.
P100861,RayBan Sunglasses,RayBan,Accessories,Sunglasses,1672,INR,68,535.04,3.2,968,3097.6,In Stock,2025-02-17,RayBan RayBan Sunglasses is a premium sunglasses designed for performance and comfort.
P100862,Reebok Shoes,Reebok,Footwear,Training Shoes,3638,INR,58,1527.96,3.2,2206,7059.2,Limited Stock,2024-08-17,Reebok Reebok Shoes is a premium training shoes designed for performance and comfort.
P100863,Fossil Watch,Fossil,Accessories,Watch,6595,INR,7,6133.35,4.6,598,2750.8,In Stock,2024-08-17,Fossil Fossil Watch is a premium watch designed for performance and comfort.
P100864,American Tourister Bag,American Tourister,Accessories,Travel Bag,4026,INR,44,2254.56,4.1,4367,17904.7,In Stock,2025-03-03,American Tourister American Tourister Bag is a premium travel bag designed for performance and comfort.
P100865,HP Pavilion,HP,Electronics,Laptop,15102,INR,50,7551.0,3.9,1481,5775.9,Out of Stock,2024-11-07,HP HP Pavilion is a premium laptop designed for performance and comfort.
P100866,OnePlus 11,OnePlus,Electronics,Smartphone,78691,INR,61,30689.49,3.4,4734,16095.6,Out of Stock,2024-05-14,OnePlus OnePlus 11 is a premium smartphone designed for performance and comfort.
P100867,Fossil Watch,Fossil,Accessories,Watch,5831,INR,21,4606.49,3.9,692,2698.8,Out of Stock,2025-03-20,Fossil Fossil Watch is a premium watch designed for performance and comfort.
P100868,Nike T-shirt,Nike,Fashion,T-shirt,4596,INR,64,1654.56,3.5,4423,15480.5,Out of Stock,2025-01-19,Nike Nike T-shirt is a premium t-shirt designed for performance and comfort.
P100869,Wildcraft Backpack,Wildcraft,Accessories,Backpack,3869,INR,30,2708.3,3.6,4315,15534.0,Limited Stock,2025-04-22,Wildcraft Wildcraft Backpack is a premium backpack designed for performance and comfort.
P100870,Fossil Watch,Fossil,Accessories,Watch,5367,INR,34,3542.22,4.4,1356,5966.4,Limited Stock,2025-12-18,Fossil Fossil Watch is a premium watch designed for performance and comfort.
P100871,Adidas Ultraboost,Adidas,Footwear,Running Shoes,7256,INR,21,5732.24,4.2,1424,5980.8,Limited Stock,2024-12-01,Adidas Adidas Ultraboost is a premium running shoes designed for performance and comfort.
P100872,iPhone 13,Apple,Electronics,Smartphone,60709,INR,20,48567.2,4.3,2960,12728.0,In Stock,2025-10-23,Apple iPhone 13 is a premium smartphone designed for performance and comfort.
P100873,Boat Earbuds,Boat,Electronics,Earbuds,30799,INR,52,14783.52,4.7,1685,7919.5,Limited Stock,2025-10-29,Boat Boat Earbuds is a premium earbuds designed for performance and comfort.
P100874,Levi's Jeans,Levi's,Fashion,Jeans,3392,INR,36,2170.88,4.7,3386,15914.2,Out of Stock,2024-08-25,Levi's Levi's Jeans is a premium jeans designed for performance and comfort.
P100875,Puma Sneakers,Puma,Footwear,Sneakers,4856,INR,69,1505.36,3.8,4230,16074.0,Limited Stock,2025-07-01,Puma Puma Sneakers is a premium sneakers designed for performance and comfort.
P100876,Reebok Shoes,Reebok,Footwear,Training Shoes,3746,INR,33,2509.82,3.4,4749,16146.6,In Stock,2025-05-19,Reebok Reebok Shoes is a premium training shoes designed for performance and comfort.
P100877,Nike T-shirt,Nike,Fashion,T-shirt,1731,INR,35,1125.15,4.3,4735,20360.5,Limited Stock,2024-12-19,Nike Nike T-shirt is a premium t-shirt designed for performance and comfort.
P100878,RayBan Sunglasses,RayBan,Accessories,Sunglasses,3632,INR,33,2433.44,3.3,3294,10870.2,In Stock,2024-12-03,RayBan RayBan Sunglasses is a premium sunglasses designed for performance and comfort.
P100879,Nike T-shirt,Nike,Fashion,T-shirt,4550,INR,18,3731.0,3.3,3488,11510.4,Limited Stock,2024-06-16,Nike Nike T-shirt is a premium t-shirt designed for performance and comfort.
P100880,Puma Sneakers,Puma,Footwear,Sneakers,7777,INR,8,7154.84,3.7,1295,4791.5,In Stock,2024-08-05,Puma Puma Sneakers is a premium sneakers designed for performance and comfort.
P100881,RayBan Sunglasses,RayBan,Accessories,Sunglasses,6499,INR,34,4289.34,4.1,2624,10758.4,Limited Stock,2024-12-28,RayBan RayBan Sunglasses is a premium sunglasses designed for performance and comfort.
P100882,Nike Air Max,Nike,Footwear,Sneakers,8868,INR,68,2837.76,4.2,3654,15346.8,Limited Stock,2025-01-18,Nike Nike Air Max is a premium sneakers designed for performance and comfort.
P100883,Adidas Ultraboost,Adidas,Footwear,Running Shoes,1663,INR,57,715.09,4.4,3371,14832.4,Limited Stock,2025-07-10,Adidas Adidas Ultraboost is a premium running shoes designed for performance and comfort.
P100884,Fossil Watch,Fossil,Accessories,Watch,6571,INR,40,3942.6,3.3,4428,14612.4,In Stock,2024-09-29,Fossil Fossil Watch is a premium watch designed for performance and comfort.
P100885,Samsung Galaxy S21,Samsung,Electronics,Smartphone,43383,INR,24,32971.08,3.3,4520,14916.0,Out of Stock,2024-09-15,Samsung Samsung Galaxy S21 is a premium smartphone designed for performance and comfort.
P100886,Adidas Ultraboost,Adidas,Footwear,Running Shoes,9684,INR,41,5713.56,3.2,957,3062.4,Out of Stock,2025-06-09,Adidas Adidas Ultraboost is a premium running shoes designed for performance and comfort.
P100887,OnePlus 11,OnePlus,Electronics,Smartphone,34911,INR,34,23041.26,3.5,3932,13762.0,Limited Stock,2024-11-12,OnePlus OnePlus 11 is a premium smartphone designed for performance and comfort.
P100888,Zara Shirt,Zara,Fashion,Shirt,4197,INR,44,2350.32,4.8,1605,7704.0,In Stock,2024-10-01,Zara Zara Shirt is a premium shirt designed for performance and comfort.
P100889,OnePlus 11,OnePlus,Electronics,Smartphone,48546,INR,46,26214.84,3.9,796,3104.4,Limited Stock,2025-09-05,OnePlus OnePlus 11 is a premium smartphone designed for performance and comfort.
P100890,Levi's Jeans,Levi's,Fashion,Jeans,3534,INR,63,1307.58,3.8,1688,6414.4,Out of Stock,2024-11-22,Levi's Levi's Jeans is a premium jeans designed for performance and comfort.
P100891,Dell Laptop,Dell,Electronics,Laptop,70947,INR,69,21993.57,4.1,3494,14325.4,Out of Stock,2025-07-17,Dell Dell Laptop is a premium laptop designed for performance and comfort.
P100892,Dell Laptop,Dell,Electronics,Laptop,67724,INR,70,20317.2,3.5,4815,16852.5,In Stock,2026-01-04,Dell Dell Laptop is a premium laptop designed for performance and comfort.
P100893,iPhone 13,Apple,Electronics,Smartphone,58152,INR,21,45940.08,3.5,1477,5169.5,Out of Stock,2025-06-14,Apple iPhone 13 is a premium smartphone designed for performance and comfort.
P100894,Nike T-shirt,Nike,Fashion,T-shirt,1091,INR,69,338.21,3.5,708,2478.0,In Stock,2026-03-08,Nike Nike T-shirt is a premium t-shirt designed for performance and comfort.
P100895,Nike Air Max,Nike,Footwear,Sneakers,6230,INR,66,2118.2,4.5,605,2722.5,In Stock,2024-05-25,Nike Nike Air Max is a premium sneakers designed for performance and comfort.
P100896,Samsung Galaxy S21,Samsung,Electronics,Smartphone,35750,INR,47,18947.5,3.3,1248,4118.4,Out of Stock,2025-02-03,Samsung Samsung Galaxy S21 is a premium smartphone designed for performance and comfort.
P100897,Sony Headphones,Sony,Electronics,Headphones,23812,INR,66,8096.08,3.9,716,2792.4,In Stock,2024-06-23,Sony Sony Headphones is a premium headphones designed for performance and comfort.
P100898,Adidas Ultraboost,Adidas,Footwear,Running Shoes,4734,INR,43,2698.38,4.4,3763,16557.2,Out of Stock,2026-04-15,Adidas Adidas Ultraboost is a premium running shoes designed for performance and comfort.
P100899,RayBan Sunglasses,RayBan,Accessories,Sunglasses,3043,INR,23,2343.11,4.6,2900,13340.0,Out of Stock,2025-08-11,RayBan RayBan Sunglasses is a premium sunglasses designed for performance and comfort.
P100900,Adidas Ultraboost,Adidas,Footwear,Running Shoes,3272,INR,37,2061.36,4.9,3738,18316.2,Out of Stock,2025-11-14,Adidas Adidas Ultraboost is a premium running shoes designed for performance and comfort.
P100901,Wildcraft Backpack,Wildcraft,Accessories,Backpack,4951,INR,52,2376.48,3.5,4708,16478.0,In Stock,2025-10-23,Wildcraft Wildcraft Backpack is a premium backpack designed for performance and comfort.
P100902,H&M Sweatshirt,H&M,Fashion,Sweatshirt,592,INR,18,485.44,3.6,422,1519.2,In Stock,2024-12-18,H&M H&M Sweatshirt is a premium sweatshirt designed for performance and comfort.
P100903,Puma Sneakers,Puma,Footwear,Sneakers,5968,INR,62,2267.84,4.2,3113,13074.6,Limited Stock,2025-02-23,Puma Puma Sneakers is a premium sneakers designed for performance and comfort.
P100904,OnePlus 11,OnePlus,Electronics,Smartphone,77671,INR,57,33398.53,4.7,178,836.6,In Stock,2024-08-28,OnePlus OnePlus 11 is a premium smartphone designed for performance and comfort.
P100905,Levi's Jeans,Levi's,Fashion,Jeans,2678,INR,19,2169.18,4.4,711,3128.4,In Stock,2024-05-09,Levi's Levi's Jeans is a premium jeans designed for performance and comfort.
P100906,Zara Shirt,Zara,Fashion,Shirt,4603,INR,60,1841.2,3.3,3374,11134.2,Limited Stock,2025-09-10,Zara Zara Shirt is a premium shirt designed for performance and comfort.
P100907,American Tourister Bag,American Tourister,Accessories,Travel Bag,5060,INR,38,3137.2,3.3,2181,7197.3,Out of Stock,2024-12-12,American Tourister American Tourister Bag is a premium travel bag designed for performance and comfort.
P100908,Reebok Shoes,Reebok,Footwear,Training Shoes,9612,INR,22,7497.36,3.4,3951,13433.4,Limited Stock,2025-01-23,Reebok Reebok Shoes is a premium training shoes designed for performance and comfort.
P100909,Nike Air Max,Nike,Footwear,Sneakers,9956,INR,37,6272.28,3.5,2169,7591.5,In Stock,2024-07-11,Nike Nike Air Max is a premium sneakers designed for performance and comfort.
P100910,Fossil Watch,Fossil,Accessories,Watch,6473,INR,49,3301.23,4.3,2117,9103.1,Limited Stock,2024-07-04,Fossil Fossil Watch is a premium watch designed for performance and comfort.
P100911,Sony Headphones,Sony,Electronics,Headphones,48474,INR,8,44596.08,4.7,963,4526.1,Limited Stock,2025-06-17,Sony Sony Headphones is a premium headphones designed for performance and comfort.
P100912,Samsung Galaxy S21,Samsung,Electronics,Smartphone,71387,INR,63,26413.19,3.6,4856,17481.6,Out of Stock,2025-02-21,Samsung Samsung Galaxy S21 is a premium smartphone designed for performance and comfort.
P100913,Samsung Galaxy S21,Samsung,Electronics,Smartphone,15361,INR,41,9062.99,4.0,2112,8448.0,Out of Stock,2025-02-10,Samsung Samsung Galaxy S21 is a premium smartphone designed for performance and comfort.
P100914,iPhone 13,Apple,Electronics,Smartphone,15292,INR,48,7951.84,3.2,3248,10393.6,Out of Stock,2025-11-22,Apple iPhone 13 is a premium smartphone designed for performance and comfort.
P100915,H&M Sweatshirt,H&M,Fashion,Sweatshirt,848,INR,61,330.72,4.2,3053,12822.6,Limited Stock,2025-07-04,H&M H&M Sweatshirt is a premium sweatshirt designed for performance and comfort.
P100916,H&M Sweatshirt,H&M,Fashion,Sweatshirt,4906,INR,70,1471.8,4.4,2280,10032.0,Out of Stock,2026-01-14,H&M H&M Sweatshirt is a premium sweatshirt designed for performance and comfort.
P100917,Reebok Shoes,Reebok,Footwear,Training Shoes,1752,INR,7,1629.36,3.5,1737,6079.5,Limited Stock,2026-02-21,Reebok Reebok Shoes is a premium training shoes designed for performance and comfort.
P100918,Wildcraft Backpack,Wildcraft,Accessories,Backpack,6973,INR,44,3904.88,4.7,3234,15199.8,Limited Stock,2026-03-30,Wildcraft Wildcraft Backpack is a premium backpack designed for performance and comfort.
P100919,Zara Shirt,Zara,Fashion,Shirt,2231,INR,14,1918.66,3.4,1349,4586.6,In Stock,2026-02-27,Zara Zara Shirt is a premium shirt designed for performance and comfort.
P100920,Nike Air Max,Nike,Footwear,Sneakers,9112,INR,21,7198.48,3.9,4103,16001.7,In Stock,2024-06-27,Nike Nike Air Max is a premium sneakers designed for performance and comfort.
P100921,RayBan Sunglasses,RayBan,Accessories,Sunglasses,6176,INR,66,2099.84,4.6,4650,21390.0,Out of Stock,2025-03-16,RayBan RayBan Sunglasses is a premium sunglasses designed for performance and comfort.
P100922,Adidas Hoodie,Adidas,Fashion,Hoodie,2718,INR,44,1522.08,4.5,447,2011.5,Out of Stock,2025-01-26,Adidas Adidas Hoodie is a premium hoodie designed for performance and comfort.
P100923,Nike Air Max,Nike,Footwear,Sneakers,8116,INR,5,7710.2,4.6,109,501.4,In Stock,2024-07-26,Nike Nike Air Max is a premium sneakers designed for performance and comfort.
P100924,OnePlus 11,OnePlus,Electronics,Smartphone,41959,INR,63,15524.83,4.3,1726,7421.8,Out of Stock,2024-11-04,OnePlus OnePlus 11 is a premium smartphone designed for performance and comfort.
P100925,Wildcraft Backpack,Wildcraft,Accessories,Backpack,1530,INR,62,581.4,4.2,1848,7761.6,In Stock,2025-10-19,Wildcraft Wildcraft Backpack is a premium backpack designed for performance and comfort.
P100926,HP Pavilion,HP,Electronics,Laptop,68281,INR,69,21167.11,4.8,2553,12254.4,Limited Stock,2025-05-04,HP HP Pavilion is a premium laptop designed for performance and comfort.
P100927,Sony Headphones,Sony,Electronics,Headphones,68643,INR,44,38440.08,4.3,37,159.1,Out of Stock,2024-09-21,Sony Sony Headphones is a premium headphones designed for performance and comfort.
P100928,Puma Jacket,Puma,Fashion,Jacket,3889,INR,60,1555.6,4.4,4910,21604.0,In Stock,2024-08-01,Puma Puma Jacket is a premium jacket designed for performance and comfort.
P100929,Puma Sneakers,Puma,Footwear,Sneakers,5199,INR,55,2339.55,3.2,3613,11561.6,Limited Stock,2026-04-26,Puma Puma Sneakers is a premium sneakers designed for performance and comfort.
P100930,Puma Sneakers,Puma,Footwear,Sneakers,5775,INR,27,4215.75,4.4,1826,8034.4,In Stock,2025-11-21,Puma Puma Sneakers is a premium sneakers designed for performance and comfort.
P100931,OnePlus 11,OnePlus,Electronics,Smartphone,31721,INR,53,14908.87,4.4,3621,15932.4,Out of Stock,2024-12-27,OnePlus OnePlus 11 is a premium smartphone designed for performance and comfort.
P100932,HP Pavilion,HP,Electronics,Laptop,50229,INR,40,30137.4,3.3,2433,8028.9,In Stock,2026-02-08,HP HP Pavilion is a premium laptop designed for performance and comfort.
P100933,HP Pavilion,HP,Electronics,Laptop,10458,INR,23,8052.66,3.5,984,3444.0,In Stock,2026-02-20,HP HP Pavilion is a premium laptop designed for performance and comfort.
P100934,Adidas Hoodie,Adidas,Fashion,Hoodie,2609,INR,11,2322.01,4.3,536,2304.8,Out of Stock,2025-01-10,Adidas Adidas Hoodie is a premium hoodie designed for performance and comfort.
P100935,Sony Headphones,Sony,Electronics,Headphones,16415,INR,70,4924.5,4.1,1632,6691.2,Limited Stock,2025-03-04,Sony Sony Headphones is a premium headphones designed for performance and comfort.
P100936,Adidas Ultraboost,Adidas,Footwear,Running Shoes,9005,INR,11,8014.45,3.9,1418,5530.2,In Stock,2025-09-13,Adidas Adidas Ultraboost is a premium running shoes designed for performance and comfort.
P100937,RayBan Sunglasses,RayBan,Accessories,Sunglasses,5815,INR,18,4768.3,5.0,3239,16195.0,In Stock,2025-06-24,RayBan RayBan Sunglasses is a premium sunglasses designed for performance and comfort.
P100938,American Tourister Bag,American Tourister,Accessories,Travel Bag,2883,INR,18,2364.06,3.6,266,957.6,Out of Stock,2026-04-24,American Tourister American Tourister Bag is a premium travel bag designed for performance and comfort.
P100939,Puma Jacket,Puma,Fashion,Jacket,1410,INR,15,1198.5,3.7,4477,16564.9,Out of Stock,2025-12-18,Puma Puma Jacket is a premium jacket designed for performance and comfort.
P100940,Adidas Ultraboost,Adidas,Footwear,Running Shoes,8288,INR,26,6133.12,3.6,4237,15253.2,Out of Stock,2024-06-17,Adidas Adidas Ultraboost is a premium running shoes designed for performance and comfort.
P100941,Nike Air Max,Nike,Footwear,Sneakers,6534,INR,60,2613.6,4.0,492,1968.0,Out of Stock,2024-07-21,Nike Nike Air Max is a premium sneakers designed for performance and comfort.
P100942,Sony Headphones,Sony,Electronics,Headphones,38205,INR,35,24833.25,3.4,2126,7228.4,Out of Stock,2024-11-27,Sony Sony Headphones is a premium headphones designed for performance and comfort.
P100943,Dell Laptop,Dell,Electronics,Laptop,51685,INR,23,39797.45,3.9,2685,10471.5,Limited Stock,2025-03-31,Dell Dell Laptop is a premium laptop designed for performance and comfort.
P100944,Puma Jacket,Puma,Fashion,Jacket,3250,INR,64,1170.0,4.9,358,1754.2,In Stock,2024-09-12,Puma Puma Jacket is a premium jacket designed for performance and comfort.
P100945,Samsung Galaxy S21,Samsung,Electronics,Smartphone,33841,INR,40,20304.6,3.6,3189,11480.4,Out of Stock,2026-02-01,Samsung Samsung Galaxy S21 is a premium smartphone designed for performance and comfort.
P100946,Nike Air Max,Nike,Footwear,Sneakers,6520,INR,28,4694.4,3.3,3763,12417.9,Limited Stock,2024-05-30,Nike Nike Air Max is a premium sneakers designed for performance and comfort.
P100947,Wildcraft Backpack,Wildcraft,Accessories,Backpack,3831,INR,54,1762.26,3.5,2238,7833.0,In Stock,2024-11-06,Wildcraft Wildcraft Backpack is a premium backpack designed for performance and comfort.
P100948,H&M Sweatshirt,H&M,Fashion,Sweatshirt,2542,INR,56,1118.48,4.4,3266,14370.4,Out of Stock,2025-04-20,H&M H&M Sweatshirt is a premium sweatshirt designed for performance and comfort.
P100949,Reebok Shoes,Reebok,Footwear,Training Shoes,5650,INR,14,4859.0,4.1,219,897.9,In Stock,2025-11-09,Reebok Reebok Shoes is a premium training shoes designed for performance and comfort.
P100950,Puma Jacket,Puma,Fashion,Jacket,3840,INR,41,2265.6,3.4,121,411.4,Limited Stock,2026-03-23,Puma Puma Jacket is a premium jacket designed for performance and comfort.
P100951,Fossil Watch,Fossil,Accessories,Watch,6510,INR,23,5012.7,4.3,1437,6179.1,In Stock,2025-10-30,Fossil Fossil Watch is a premium watch designed for performance and comfort.
P100952,Levi's Jeans,Levi's,Fashion,Jeans,1674,INR,20,1339.2,3.8,3593,13653.4,In Stock,2025-03-01,Levi's Levi's Jeans is a premium jeans designed for performance and comfort.
P100953,Adidas Ultraboost,Adidas,Footwear,Running Shoes,6206,INR,63,2296.22,4.2,2460,10332.0,In Stock,2024-11-05,Adidas Adidas Ultraboost is a premium running shoes designed for performance and comfort.
P100954,American Tourister Bag,American Tourister,Accessories,Travel Bag,4855,INR,61,1893.45,3.9,4436,17300.4,Limited Stock,2024-07-23,American Tourister American Tourister Bag is a premium travel bag designed for performance and comfort.
P100955,Levi's Jeans,Levi's,Fashion,Jeans,3084,INR,64,1110.24,3.4,4319,14684.6,Limited Stock,2025-08-04,Levi's Levi's Jeans is a premium jeans designed for performance and comfort.
P100956,Sony Headphones,Sony,Electronics,Headphones,43203,INR,61,16849.17,4.3,1319,5671.7,In Stock,2024-10-01,Sony Sony Headphones is a premium headphones designed for performance and comfort.
P100957,Sony Headphones,Sony,Electronics,Headphones,30658,INR,56,13489.52,4.8,3420,16416.0,Out of Stock,2026-04-03,Sony Sony Headphones is a premium headphones designed for performance and comfort.
P100958,Dell Laptop,Dell,Electronics,Laptop,62994,INR,26,46615.56,4.3,4664,20055.2,Limited Stock,2024-12-11,Dell Dell Laptop is a premium laptop designed for performance and comfort.
P100959,Nike T-shirt,Nike,Fashion,T-shirt,1459,INR,18,1196.38,4.7,4506,21178.2,Limited Stock,2024-10-29,Nike Nike T-shirt is a premium t-shirt designed for performance and comfort.
P100960,Nike Air Max,Nike,Footwear,Sneakers,2900,INR,31,2001.0,4.6,2100,9660.0,Out of Stock,2025-08-04,Nike Nike Air Max is a premium sneakers designed for performance and comfort.
P100961,Puma Jacket,Puma,Fashion,Jacket,4072,INR,11,3624.08,5.0,2993,14965.0,Out of Stock,2024-11-26,Puma Puma Jacket is a premium jacket designed for performance and comfort.
P100962,Sony Headphones,Sony,Electronics,Headphones,61523,INR,27,44911.79,4.1,579,2373.9,Limited Stock,2025-07-01,Sony Sony Headphones is a premium headphones designed for performance and comfort.
P100963,Dell Laptop,Dell,Electronics,Laptop,34700,INR,18,28454.0,4.8,4193,20126.4,In Stock,2024-10-25,Dell Dell Laptop is a premium laptop designed for performance and comfort.
P100964,iPhone 13,Apple,Electronics,Smartphone,40263,INR,51,19728.87,3.8,3573,13577.4,In Stock,2024-08-28,Apple iPhone 13 is a premium smartphone designed for performance and comfort.
P100965,Reebok Shoes,Reebok,Footwear,Training Shoes,7772,INR,24,5906.72,3.9,214,834.6,Out of Stock,2024-08-23,Reebok Reebok Shoes is a premium training shoes designed for performance and comfort.
P100966,Wildcraft Backpack,Wildcraft,Accessories,Backpack,1377,INR,41,812.43,4.8,4528,21734.4,Out of Stock,2026-03-18,Wildcraft Wildcraft Backpack is a premium backpack designed for performance and comfort.
P100967,Samsung Galaxy S21,Samsung,Electronics,Smartphone,61429,INR,8,56514.68,3.7,631,2334.7,Out of Stock,2025-11-17,Samsung Samsung Galaxy S21 is a premium smartphone designed for performance and comfort.
P100968,H&M Sweatshirt,H&M,Fashion,Sweatshirt,4616,INR,58,1938.72,4.8,4252,20409.6,Out of Stock,2024-06-13,H&M H&M Sweatshirt is a premium sweatshirt designed for performance and comfort.
P100969,Adidas Ultraboost,Adidas,Footwear,Running Shoes,7022,INR,52,3370.56,4.7,2934,13789.8,In Stock,2024-08-23,Adidas Adidas Ultraboost is a premium running shoes designed for performance and comfort.
P100970,Puma Jacket,Puma,Fashion,Jacket,4410,INR,9,4013.1,3.5,2330,8155.0,In Stock,2025-09-04,Puma Puma Jacket is a premium jacket designed for performance and comfort.
P100971,iPhone 13,Apple,Electronics,Smartphone,43448,INR,66,14772.32,3.6,1654,5954.4,Out of Stock,2024-09-16,Apple iPhone 13 is a premium smartphone designed for performance and comfort.
P100972,Puma Jacket,Puma,Fashion,Jacket,909,INR,32,618.12,3.6,698,2512.8,In Stock,2025-09-22,Puma Puma Jacket is a premium jacket designed for performance and comfort.
P100973,Adidas Ultraboost,Adidas,Footwear,Running Shoes,3039,INR,51,1489.11,3.4,663,2254.2,Limited Stock,2025-01-11,Adidas Adidas Ultraboost is a premium running shoes designed for performance and comfort.
P100974,H&M Sweatshirt,H&M,Fashion,Sweatshirt,4896,INR,42,2839.68,4.8,2255,10824.0,Limited Stock,2024-08-08,H&M H&M Sweatshirt is a premium sweatshirt designed for performance and comfort.
P100975,American Tourister Bag,American Tourister,Accessories,Travel Bag,4492,INR,64,1617.12,4.5,2550,11475.0,Out of Stock,2024-11-28,American Tourister American Tourister Bag is a premium travel bag designed for performance and comfort.
P100976,Boat Earbuds,Boat,Electronics,Earbuds,27943,INR,9,25428.13,3.7,1224,4528.8,Limited Stock,2024-08-04,Boat Boat Earbuds is a premium earbuds designed for performance and comfort.
P100977,Samsung Galaxy S21,Samsung,Electronics,Smartphone,59721,INR,34,39415.86,4.7,4194,19711.8,In Stock,2025-01-13,Samsung Samsung Galaxy S21 is a premium smartphone designed for performance and comfort.
P100978,Wildcraft Backpack,Wildcraft,Accessories,Backpack,6657,INR,58,2795.94,4.4,836,3678.4,In Stock,2024-08-11,Wildcraft Wildcraft Backpack is a premium backpack designed for performance and comfort.
P100979,Boat Earbuds,Boat,Electronics,Earbuds,37456,INR,19,30339.36,3.5,2173,7605.5,In Stock,2026-03-14,Boat Boat Earbuds is a premium earbuds designed for performance and comfort.
P100980,Adidas Hoodie,Adidas,Fashion,Hoodie,2780,INR,54,1278.8,4.8,403,1934.4,In Stock,2026-04-06,Adidas Adidas Hoodie is a premium hoodie designed for performance and comfort.
P100981,Puma Jacket,Puma,Fashion,Jacket,2807,INR,31,1936.83,4.2,472,1982.4,Limited Stock,2024-10-03,Puma Puma Jacket is a premium jacket designed for performance and comfort.
P100982,RayBan Sunglasses,RayBan,Accessories,Sunglasses,6226,INR,27,4544.98,4.7,2692,12652.4,Out of Stock,2025-04-24,RayBan RayBan Sunglasses is a premium sunglasses designed for performance and comfort.
P100983,Sony Headphones,Sony,Electronics,Headphones,44045,INR,34,29069.7,4.0,695,2780.0,Limited Stock,2025-06-19,Sony Sony Headphones is a premium headphones designed for performance and comfort.
P100984,Nike Air Max,Nike,Footwear,Sneakers,4126,INR,13,3589.62,4.7,2055,9658.5,Out of Stock,2025-02-23,Nike Nike Air Max is a premium sneakers designed for performance and comfort.
P100985,Adidas Hoodie,Adidas,Fashion,Hoodie,739,INR,14,635.54,4.3,2393,10289.9,Limited Stock,2025-03-12,Adidas Adidas Hoodie is a premium hoodie designed for performance and comfort.
P100986,Nike Air Max,Nike,Footwear,Sneakers,7977,INR,62,3031.26,4.7,691,3247.7,Limited Stock,2025-01-04,Nike Nike Air Max is a premium sneakers designed for performance and comfort.
P100987,Adidas Hoodie,Adidas,Fashion,Hoodie,1504,INR,61,586.56,4.9,3177,15567.3,Out of Stock,2026-01-04,Adidas Adidas Hoodie is a premium hoodie designed for performance and comfort.
P100988,H&M Sweatshirt,H&M,Fashion,Sweatshirt,4707,INR,22,3671.46,4.0,679,2716.0,Limited Stock,2025-06-28,H&M H&M Sweatshirt is a premium sweatshirt designed for performance and comfort.
P100989,HP Pavilion,HP,Electronics,Laptop,20836,INR,39,12709.96,4.5,1662,7479.0,In Stock,2024-12-17,HP HP Pavilion is a premium laptop designed for performance and comfort.
P100990,OnePlus 11,OnePlus,Electronics,Smartphone,70550,INR,24,53618.0,3.8,4983,18935.4,Out of Stock,2025-01-03,OnePlus OnePlus 11 is a premium smartphone designed for performance and comfort.
P100991,Dell Laptop,Dell,Electronics,Laptop,68765,INR,56,30256.6,3.5,2960,10360.0,Out of Stock,2025-03-04,Dell Dell Laptop is a premium laptop designed for performance and comfort.
P100992,Dell Laptop,Dell,Electronics,Laptop,73169,INR,10,65852.1,4.6,4700,21620.0,In Stock,2025-11-11,Dell Dell Laptop is a premium laptop designed for performance and comfort.
P100993,Nike Air Max,Nike,Footwear,Sneakers,9407,INR,28,6773.04,3.3,366,1207.8,Out of Stock,2025-08-09,Nike Nike Air Max is a premium sneakers designed for performance and comfort.
P100994,Dell Laptop,Dell,Electronics,Laptop,76168,INR,54,35037.28,4.8,1812,8697.6,Out of Stock,2024-06-13,Dell Dell Laptop is a premium laptop designed for performance and comfort.
P100995,Puma Jacket,Puma,Fashion,Jacket,1588,INR,69,492.28,4.3,2093,8999.9,In Stock,2025-09-14,Puma Puma Jacket is a premium jacket designed for performance and comfort.
P100996,Zara Shirt,Zara,Fashion,Shirt,3738,INR,43,2130.66,4.5,2984,13428.0,Out of Stock,2025-10-28,Zara Zara Shirt is a premium shirt designed for performance and comfort.
P100997,RayBan Sunglasses,RayBan,Accessories,Sunglasses,927,INR,11,825.03,3.9,1584,6177.6,In Stock,2025-01-15,RayBan RayBan Sunglasses is a premium sunglasses designed for performance and comfort.
P100998,Adidas Ultraboost,Adidas,Footwear,Running Shoes,5587,INR,56,2458.28,3.4,1662,5650.8,Out of Stock,2025-04-29,Adidas Adidas Ultraboost is a premium running shoes designed for performance and comfort.
P100999,Fossil Watch,Fossil,Accessories,Watch,649,INR,31,447.81,5.0,4693,23465.0,In Stock,2024-05-04,Fossil Fossil Watch is a premium watch designed for performance and comfort.
P101000,Samsung Galaxy S21,Samsung,Electronics,Smartphone,64495,INR,48,33537.4,3.7,4571,16912.7,In Stock,2025-10-26,Samsung Samsung Galaxy S21 is a premium smartphone designed for performance and comfort.
P101001,Nike T-shirt,Nike,Fashion,T-shirt,4707,INR,28,3389.04,4.5,3640,16380.0,Limited Stock,2024-05-31,Nike Nike T-shirt is a premium t-shirt designed for performance and comfort.
P101002,Reebok Shoes,Reebok,Footwear,Training Shoes,6907,INR,18,5663.74,4.2,3176,13339.2,Limited Stock,2026-01-02,Reebok Reebok Shoes is a premium training shoes designed for performance and comfort.
P101003,Wildcraft Backpack,Wildcraft,Accessories,Backpack,5755,INR,39,3510.55,4.9,2191,10735.9,In Stock,2024-06-28,Wildcraft Wildcraft Backpack is a premium backpack designed for performance and comfort.
P101004,Wildcraft Backpack,Wildcraft,Accessories,Backpack,369,INR,19,298.89,3.8,3798,14432.4,Out of Stock,2025-01-28,Wildcraft Wildcraft Backpack is a premium backpack designed for performance and comfort.
P101005,Nike Air Max,Nike,Footwear,Sneakers,3988,INR,57,1714.84,3.3,4831,15942.3,Limited Stock,2024-06-30,Nike Nike Air Max is a premium sneakers designed for performance and comfort.
P101006,Nike Air Max,Nike,Footwear,Sneakers,1962,INR,8,1805.04,3.8,950,3610.0,Limited Stock,2026-04-22,Nike Nike Air Max is a premium sneakers designed for performance and comfort.
P101007,Levi's Jeans,Levi's,Fashion,Jeans,3670,INR,54,1688.2,3.5,3351,11728.5,Limited Stock,2024-11-22,Levi's Levi's Jeans is a premium jeans designed for performance and comfort.
P101008,Boat Earbuds,Boat,Electronics,Earbuds,23332,INR,19,18898.92,4.1,4387,17986.7,Limited Stock,2024-11-16,Boat Boat Earbuds is a premium earbuds designed for performance and comfort.
P101009,Fossil Watch,Fossil,Accessories,Watch,3356,INR,21,2651.24,4.3,2950,12685.0,Out of Stock,2025-04-16,Fossil Fossil Watch is a premium watch designed for performance and comfort.
P101010,Samsung Galaxy S21,Samsung,Electronics,Smartphone,10481,INR,8,9642.52,4.3,1619,6961.7,Limited Stock,2025-11-14,Samsung Samsung Galaxy S21 is a premium smartphone designed for performance and comfort.
P101011,Adidas Ultraboost,Adidas,Footwear,Running Shoes,5122,INR,57,2202.46,4.5,3383,15223.5,Limited Stock,2026-03-22,Adidas Adidas Ultraboost is a premium running shoes designed for performance and comfort.
P101012,Fossil Watch,Fossil,Accessories,Watch,5235,INR,64,1884.6,4.2,3565,14973.0,In Stock,2026-04-30,Fossil Fossil Watch is a premium watch designed for performance and comfort.
P101013,Wildcraft Backpack,Wildcraft,Accessories,Backpack,1699,INR,15,1444.15,4.7,3066,14410.2,Out of Stock,2024-11-01,Wildcraft Wildcraft Backpack is a premium backpack designed for performance and comfort.
P101014,Samsung Galaxy S21,Samsung,Electronics,Smartphone,73051,INR,48,37986.52,3.7,205,758.5,In Stock,2026-01-17,Samsung Samsung Galaxy S21 is a premium smartphone designed for performance and comfort.
P101015,Adidas Hoodie,Adidas,Fashion,Hoodie,4013,INR,57,1725.59,4.8,4899,23515.2,Limited Stock,2026-01-09,Adidas Adidas Hoodie is a premium hoodie designed for performance and comfort.
P101016,iPhone 13,Apple,Electronics,Smartphone,43489,INR,13,37835.43,4.7,1541,7242.7,Out of Stock,2024-10-22,Apple iPhone 13 is a premium smartphone designed for performance and comfort.
P101017,H&M Sweatshirt,H&M,Fashion,Sweatshirt,3086,INR,38,1913.32,4.0,2281,9124.0,Out of Stock,2025-03-06,H&M H&M Sweatshirt is a premium sweatshirt designed for performance and comfort.
P101018,OnePlus 11,OnePlus,Electronics,Smartphone,66598,INR,51,32633.02,3.3,512,1689.6,Limited Stock,2024-07-14,OnePlus OnePlus 11 is a premium smartphone designed for performance and comfort.
P101019,Puma Sneakers,Puma,Footwear,Sneakers,8854,INR,42,5135.32,4.6,2509,11541.4,Out of Stock,2024-07-09,Puma Puma Sneakers is a premium sneakers designed for performance and comfort.
P101020,Samsung Galaxy S21,Samsung,Electronics,Smartphone,13964,INR,12,12288.32,3.5,805,2817.5,Limited Stock,2025-08-26,Samsung Samsung Galaxy S21 is a premium smartphone designed for performance and comfort.
P101021,Sony Headphones,Sony,Electronics,Headphones,51151,INR,40,30690.6,4.1,2222,9110.2,In Stock,2025-11-07,Sony Sony Headphones is a premium headphones designed for performance and comfort.
P101022,RayBan Sunglasses,RayBan,Accessories,Sunglasses,4769,INR,40,2861.4,4.1,538,2205.8,In Stock,2025-08-09,RayBan RayBan Sunglasses is a premium sunglasses designed for performance and comfort.
P101023,Levi's Jeans,Levi's,Fashion,Jeans,627,INR,61,244.53,4.2,525,2205.0,Out of Stock,2025-06-25,Levi's Levi's Jeans is a premium jeans designed for performance and comfort.
P101024,iPhone 13,Apple,Electronics,Smartphone,66360,INR,31,45788.4,3.3,4006,13219.8,Limited Stock,2025-11-23,Apple iPhone 13 is a premium smartphone designed for performance and comfort.
P101025,Wildcraft Backpack,Wildcraft,Accessories,Backpack,2703,INR,20,2162.4,4.8,3838,18422.4,In Stock,2026-04-15,Wildcraft Wildcraft Backpack is a premium backpack designed for performance and comfort.
P101026,Zara Shirt,Zara,Fashion,Shirt,3019,INR,27,2203.87,4.5,3000,13500.0,Out of Stock,2025-11-01,Zara Zara Shirt is a premium shirt designed for performance and comfort.
P101027,RayBan Sunglasses,RayBan,Accessories,Sunglasses,2509,INR,29,1781.39,3.8,3046,11574.8,In Stock,2024-12-23,RayBan RayBan Sunglasses is a premium sunglasses designed for performance and comfort.
P101028,American Tourister Bag,American Tourister,Accessories,Travel Bag,1339,INR,50,669.5,4.0,3136,12544.0,Limited Stock,2025-10-12,American Tourister American Tourister Bag is a premium travel bag designed for performance and comfort.
P101029,Fossil Watch,Fossil,Accessories,Watch,6531,INR,46,3526.74,3.8,285,1083.0,In Stock,2025-01-01,Fossil Fossil Watch is a premium watch designed for performance and comfort.
P101030,Zara Shirt,Zara,Fashion,Shirt,4552,INR,39,2776.72,4.5,3674,16533.0,Out of Stock,2025-05-02,Zara Zara Shirt is a premium shirt designed for performance and comfort.
P101031,Zara Shirt,Zara,Fashion,Shirt,2083,INR,58,874.86,4.1,4606,18884.6,In Stock,2026-02-28,Zara Zara Shirt is a premium shirt designed for performance and comfort.
P101032,Fossil Watch,Fossil,Accessories,Watch,1175,INR,41,693.25,4.3,1087,4674.1,Limited Stock,2026-01-19,Fossil Fossil Watch is a premium watch designed for performance and comfort.
P101033,Nike Air Max,Nike,Footwear,Sneakers,2518,INR,15,2140.3,4.4,4294,18893.6,Out of Stock,2025-08-17,Nike Nike Air Max is a premium sneakers designed for performance and comfort.
P101034,Dell Laptop,Dell,Electronics,Laptop,59916,INR,25,44937.0,5.0,4861,24305.0,In Stock,2025-07-21,Dell Dell Laptop is a premium laptop designed for performance and comfort.
P101035,Boat Earbuds,Boat,Electronics,Earbuds,40177,INR,57,17276.11,3.8,367,1394.6,Limited Stock,2024-11-08,Boat Boat Earbuds is a premium earbuds designed for performance and comfort.
P101036,Fossil Watch,Fossil,Accessories,Watch,1984,INR,12,1745.92,4.0,4946,19784.0,Limited Stock,2026-03-31,Fossil Fossil Watch is a premium watch designed for performance and comfort.
P101037,Nike T-shirt,Nike,Fashion,T-shirt,812,INR,17,673.96,3.9,1438,5608.2,Out of Stock,2025-07-06,Nike Nike T-shirt is a premium t-shirt designed for performance and comfort.
P101038,Dell Laptop,Dell,Electronics,Laptop,14361,INR,42,8329.38,5.0,337,1685.0,In Stock,2025-07-24,Dell Dell Laptop is a premium laptop designed for performance and comfort.
P101039,Puma Jacket,Puma,Fashion,Jacket,2449,INR,70,734.7,4.0,4184,16736.0,In Stock,2026-04-25,Puma Puma Jacket is a premium jacket designed for performance and comfort.
P101040,Adidas Hoodie,Adidas,Fashion,Hoodie,1394,INR,57,599.42,4.2,551,2314.2,In Stock,2025-07-10,Adidas Adidas Hoodie is a premium hoodie designed for performance and comfort.
P101041,American Tourister Bag,American Tourister,Accessories,Travel Bag,1162,INR,33,778.54,4.8,4136,19852.8,In Stock,2026-01-13,American Tourister American Tourister Bag is a premium travel bag designed for performance and comfort.
P101042,Adidas Hoodie,Adidas,Fashion,Hoodie,2588,INR,70,776.4,3.7,4226,15636.2,In Stock,2025-03-01,Adidas Adidas Hoodie is a premium hoodie designed for performance and comfort.
P101043,Samsung Galaxy S21,Samsung,Electronics,Smartphone,35762,INR,70,10728.6,3.6,256,921.6,In Stock,2026-03-15,Samsung Samsung Galaxy S21 is a premium smartphone designed for performance and comfort.
P101044,Nike Air Max,Nike,Footwear,Sneakers,3634,INR,22,2834.52,4.6,4642,21353.2,Out of Stock,2025-01-16,Nike Nike Air Max is a premium sneakers designed for performance and comfort.
P101045,American Tourister Bag,American Tourister,Accessories,Travel Bag,4193,INR,28,3018.96,4.2,3835,16107.0,Limited Stock,2026-04-07,American Tourister American Tourister Bag is a premium travel bag designed for performance and comfort.
P101046,OnePlus 11,OnePlus,Electronics,Smartphone,34946,INR,7,32499.78,4.1,3572,14645.2,In Stock,2026-01-21,OnePlus OnePlus 11 is a premium smartphone designed for performance and comfort.
P101047,American Tourister Bag,American Tourister,Accessories,Travel Bag,5034,INR,6,4731.96,4.9,881,4316.9,Out of Stock,2025-03-13,American Tourister American Tourister Bag is a premium travel bag designed for performance and comfort.
P101048,American Tourister Bag,American Tourister,Accessories,Travel Bag,6320,INR,12,5561.6,4.2,1839,7723.8,In Stock,2024-12-29,American Tourister American Tourister Bag is a premium travel bag designed for performance and comfort.
P101049,Zara Shirt,Zara,Fashion,Shirt,2022,INR,70,606.6,4.8,2827,13569.6,Out of Stock,2024-06-10,Zara Zara Shirt is a premium shirt designed for performance and comfort.
P101050,RayBan Sunglasses,RayBan,Accessories,Sunglasses,1341,INR,30,938.7,3.4,54,183.6,In Stock,2024-10-22,RayBan RayBan Sunglasses is a premium sunglasses designed for performance and comfort.
P101051,Reebok Shoes,Reebok,Footwear,Training Shoes,7238,INR,61,2822.82,4.8,1923,9230.4,Out of Stock,2026-03-27,Reebok Reebok Shoes is a premium training shoes designed for performance and comfort.
P101052,Adidas Ultraboost,Adidas,Footwear,Running Shoes,1886,INR,25,1414.5,4.5,3110,13995.0,In Stock,2024-12-28,Adidas Adidas Ultraboost is a premium running shoes designed for performance and comfort.
P101053,Boat Earbuds,Boat,Electronics,Earbuds,43805,INR,66,14893.7,3.6,1532,5515.2,Limited Stock,2024-11-24,Boat Boat Earbuds is a premium earbuds designed for performance and comfort.
P101054,Sony Headphones,Sony,Electronics,Headphones,58306,INR,22,45478.68,4.5,4170,18765.0,Limited Stock,2025-07-19,Sony Sony Headphones is a premium headphones designed for performance and comfort.
P101055,Boat Earbuds,Boat,Electronics,Earbuds,56280,INR,26,41647.2,3.8,85,323.0,In Stock,2025-04-26,Boat Boat Earbuds is a premium earbuds designed for performance and comfort.
P101056,Levi's Jeans,Levi's,Fashion,Jeans,4007,INR,16,3365.88,4.1,2689,11024.9,Limited Stock,2025-06-27,Levi's Levi's Jeans is a premium jeans designed for performance and comfort.
P101057,Fossil Watch,Fossil,Accessories,Watch,3822,INR,37,2407.86,3.6,2817,10141.2,In Stock,2025-09-19,Fossil Fossil Watch is a premium watch designed for performance and comfort.
P101058,Levi's Jeans,Levi's,Fashion,Jeans,4648,INR,26,3439.52,3.4,4408,14987.2,In Stock,2025-07-20,Levi's Levi's Jeans is a premium jeans designed for performance and comfort.
P101059,H&M Sweatshirt,H&M,Fashion,Sweatshirt,1399,INR,47,741.47,4.1,2998,12291.8,Out of Stock,2025-11-04,H&M H&M Sweatshirt is a premium sweatshirt designed for performance and comfort.
P101060,iPhone 13,Apple,Electronics,Smartphone,73522,INR,52,35290.56,3.8,698,2652.4,Out of Stock,2026-04-13,Apple iPhone 13 is a premium smartphone designed for performance and comfort.
P101061,Samsung Galaxy S21,Samsung,Electronics,Smartphone,48451,INR,54,22287.46,4.9,4352,21324.8,Limited Stock,2025-09-14,Samsung Samsung Galaxy S21 is a premium smartphone designed for performance and comfort.
P101062,Adidas Hoodie,Adidas,Fashion,Hoodie,4461,INR,36,2855.04,4.6,2156,9917.6,In Stock,2025-10-23,Adidas Adidas Hoodie is a premium hoodie designed for performance and comfort.
P101063,Levi's Jeans,Levi's,Fashion,Jeans,1606,INR,51,786.94,4.2,200,840.0,In Stock,2025-04-19,Levi's Levi's Jeans is a premium jeans designed for performance and comfort.
P101064,Sony Headphones,Sony,Electronics,Headphones,25313,INR,36,16200.32,3.9,4073,15884.7,In Stock,2025-09-28,Sony Sony Headphones is a premium headphones designed for performance and comfort.
P101065,Fossil Watch,Fossil,Accessories,Watch,2009,INR,5,1908.55,4.7,4663,21916.1,Limited Stock,2024-06-30,Fossil Fossil Watch is a premium watch designed for performance and comfort.
P101066,Reebok Shoes,Reebok,Footwear,Training Shoes,1962,INR,66,667.08,4.1,2080,8528.0,Limited Stock,2024-12-10,Reebok Reebok Shoes is a premium training shoes designed for performance and comfort.
P101067,Adidas Hoodie,Adidas,Fashion,Hoodie,2216,INR,64,797.76,4.9,3742,18335.8,In Stock,2026-01-27,Adidas Adidas Hoodie is a premium hoodie designed for performance and comfort.
P101068,Puma Sneakers,Puma,Footwear,Sneakers,5121,INR,37,3226.23,3.3,3914,12916.2,Limited Stock,2024-05-19,Puma Puma Sneakers is a premium sneakers designed for performance and comfort.
P101069,Samsung Galaxy S21,Samsung,Electronics,Smartphone,53733,INR,7,49971.69,4.4,3655,16082.0,In Stock,2025-12-04,Samsung Samsung Galaxy S21 is a premium smartphone designed for performance and comfort.
P101070,Adidas Ultraboost,Adidas,Footwear,Running Shoes,7972,INR,8,7334.24,5.0,4803,24015.0,Limited Stock,2026-02-28,Adidas Adidas Ultraboost is a premium running shoes designed for performance and comfort.
P101071,RayBan Sunglasses,RayBan,Accessories,Sunglasses,2134,INR,36,1365.76,4.6,2587,11900.2,Out of Stock,2025-03-30,RayBan RayBan Sunglasses is a premium sunglasses designed for performance and comfort.
P101072,Samsung Galaxy S21,Samsung,Electronics,Smartphone,16262,INR,7,15123.66,4.6,19,87.4,In Stock,2025-08-16,Samsung Samsung Galaxy S21 is a premium smartphone designed for performance and comfort.
P101073,Wildcraft Backpack,Wildcraft,Accessories,Backpack,4703,INR,38,2915.86,4.0,3331,13324.0,Limited Stock,2024-07-29,Wildcraft Wildcraft Backpack is a premium backpack designed for performance and comfort.
P101074,Levi's Jeans,Levi's,Fashion,Jeans,2453,INR,57,1054.79,4.6,3110,14306.0,Limited Stock,2026-02-18,Levi's Levi's Jeans is a premium jeans designed for performance and comfort.
P101075,H&M Sweatshirt,H&M,Fashion,Sweatshirt,1402,INR,33,939.34,4.2,998,4191.6,Limited Stock,2026-02-26,H&M H&M Sweatshirt is a premium sweatshirt designed for performance and comfort.
P101076,Adidas Ultraboost,Adidas,Footwear,Running Shoes,9590,INR,24,7288.4,4.4,3890,17116.0,Out of Stock,2025-02-01,Adidas Adidas Ultraboost is a premium running shoes designed for performance and comfort.
P101077,Wildcraft Backpack,Wildcraft,Accessories,Backpack,3710,INR,64,1335.6,4.6,4480,20608.0,Out of Stock,2026-03-10,Wildcraft Wildcraft Backpack is a premium backpack designed for performance and comfort.
P101078,Reebok Shoes,Reebok,Footwear,Training Shoes,1966,INR,34,1297.56,3.3,1794,5920.2,In Stock,2025-09-30,Reebok Reebok Shoes is a premium training shoes designed for performance and comfort.
P101079,RayBan Sunglasses,RayBan,Accessories,Sunglasses,5591,INR,65,1956.85,4.6,45,207.0,In Stock,2024-09-20,RayBan RayBan Sunglasses is a premium sunglasses designed for performance and comfort.
P101080,Nike Air Max,Nike,Footwear,Sneakers,5697,INR,10,5127.3,4.2,1158,4863.6,Out of Stock,2024-12-05,Nike Nike Air Max is a premium sneakers designed for performance and comfort.
P101081,Boat Earbuds,Boat,Electronics,Earbuds,33745,INR,24,25646.2,4.4,3437,15122.8,Out of Stock,2025-06-14,Boat Boat Earbuds is a premium earbuds designed for performance and comfort.
P101082,H&M Sweatshirt,H&M,Fashion,Sweatshirt,2267,INR,64,816.12,3.4,1265,4301.0,Out of Stock,2024-06-15,H&M H&M Sweatshirt is a premium sweatshirt designed for performance and comfort.
P101083,Puma Sneakers,Puma,Footwear,Sneakers,7820,INR,43,4457.4,3.3,2220,7326.0,Limited Stock,2025-07-19,Puma Puma Sneakers is a premium sneakers designed for performance and comfort.
P101084,HP Pavilion,HP,Electronics,Laptop,39207,INR,65,13722.45,3.9,2498,9742.2,In Stock,2026-02-04,HP HP Pavilion is a premium laptop designed for performance and comfort.
P101085,Levi's Jeans,Levi's,Fashion,Jeans,4051,INR,68,1296.32,5.0,346,1730.0,Limited Stock,2025-01-31,Levi's Levi's Jeans is a premium jeans designed for performance and comfort.
P101086,OnePlus 11,OnePlus,Electronics,Smartphone,56496,INR,26,41807.04,3.4,592,2012.8,Out of Stock,2025-09-21,OnePlus OnePlus 11 is a premium smartphone designed for performance and comfort.
P101087,Dell Laptop,Dell,Electronics,Laptop,79998,INR,27,58398.54,4.3,2521,10840.3,Limited Stock,2025-08-15,Dell Dell Laptop is a premium laptop designed for performance and comfort.
P101088,Nike Air Max,Nike,Footwear,Sneakers,4659,INR,14,4006.74,5.0,2106,10530.0,Limited Stock,2025-09-01,Nike Nike Air Max is a premium sneakers designed for performance and comfort.
P101089,American Tourister Bag,American Tourister,Accessories,Travel Bag,2238,INR,13,1947.06,4.8,134,643.2,In Stock,2024-07-01,American Tourister American Tourister Bag is a premium travel bag designed for performance and comfort.
P101090,Fossil Watch,Fossil,Accessories,Watch,6696,INR,60,2678.4,4.3,1914,8230.2,Limited Stock,2025-03-10,Fossil Fossil Watch is a premium watch designed for performance and comfort.
P101091,Adidas Ultraboost,Adidas,Footwear,Running Shoes,4478,INR,45,2462.9,4.8,2390,11472.0,In Stock,2025-12-24,Adidas Adidas Ultraboost is a premium running shoes designed for performance and comfort.
P101092,Adidas Ultraboost,Adidas,Footwear,Running Shoes,1249,INR,36,799.36,3.8,2640,10032.0,Limited Stock,2025-04-05,Adidas Adidas Ultraboost is a premium running shoes designed for performance and comfort.
P101093,Samsung Galaxy S21,Samsung,Electronics,Smartphone,35461,INR,5,33687.95,4.9,1193,5845.7,In Stock,2024-11-09,Samsung Samsung Galaxy S21 is a premium smartphone designed for performance and comfort.
P101094,HP Pavilion,HP,Electronics,Laptop,33678,INR,65,11787.3,4.9,151,739.9,Limited Stock,2026-03-24,HP HP Pavilion is a premium laptop designed for performance and comfort.
P101095,Nike T-shirt,Nike,Fashion,T-shirt,762,INR,63,281.94,3.2,3472,11110.4,Out of Stock,2026-05-01,Nike Nike T-shirt is a premium t-shirt designed for performance and comfort.
P101096,Samsung Galaxy S21,Samsung,Electronics,Smartphone,22464,INR,57,9659.52,3.4,997,3389.8,In Stock,2026-03-28,Samsung Samsung Galaxy S21 is a premium smartphone designed for performance and comfort.
P101097,Dell Laptop,Dell,Electronics,Laptop,23561,INR,48,12251.72,4.9,2238,10966.2,In Stock,2026-02-26,Dell Dell Laptop is a premium laptop designed for performance and comfort.
P101098,Adidas Ultraboost,Adidas,Footwear,Running Shoes,2774,INR,24,2108.24,3.3,3590,11847.0,Out of Stock,2026-01-01,Adidas Adidas Ultraboost is a premium running shoes designed for performance and comfort.
P101099,OnePlus 11,OnePlus,Electronics,Smartphone,78133,INR,57,33597.19,3.6,1571,5655.6,Limited Stock,2024-05-05,OnePlus OnePlus 11 is a premium smartphone designed for performance and comfort.
P101100,Fossil Watch,Fossil,Accessories,Watch,4789,INR,16,4022.76,4.4,1912,8412.8,In Stock,2026-03-16,Fossil Fossil Watch is a premium watch designed for performance and comfort.
P101101,Fossil Watch,Fossil,Accessories,Watch,4457,INR,8,4100.44,3.3,958,3161.4,In Stock,2025-09-10,Fossil Fossil Watch is a premium watch designed for performance and comfort.
P101102,H&M Sweatshirt,H&M,Fashion,Sweatshirt,612,INR,47,324.36,3.7,1588,5875.6,In Stock,2025-10-19,H&M H&M Sweatshirt is a premium sweatshirt designed for performance and comfort.
P101103,American Tourister Bag,American Tourister,Accessories,Travel Bag,2290,INR,61,893.1,3.9,2594,10116.6,In Stock,2025-05-28,American Tourister American Tourister Bag is a premium travel bag designed for performance and comfort.
P101104,Adidas Hoodie,Adidas,Fashion,Hoodie,1496,INR,16,1256.64,4.9,1109,5434.1,Limited Stock,2024-10-04,Adidas Adidas Hoodie is a premium hoodie designed for performance and comfort.
P101105,Sony Headphones,Sony,Electronics,Headphones,42582,INR,19,34491.42,4.1,3813,15633.3,In Stock,2025-11-28,Sony Sony Headphones is a premium headphones designed for performance and comfort.
P101106,Dell Laptop,Dell,Electronics,Laptop,51032,INR,18,41846.24,3.4,4079,13868.6,Limited Stock,2025-11-15,Dell Dell Laptop is a premium laptop designed for performance and comfort.
P101107,iPhone 13,Apple,Electronics,Smartphone,17935,INR,51,8788.15,4.8,3866,18556.8,In Stock,2025-05-21,Apple iPhone 13 is a premium smartphone designed for performance and comfort.
P101108,Boat Earbuds,Boat,Electronics,Earbuds,50351,INR,42,29203.58,4.1,2307,9458.7,Out of Stock,2024-09-01,Boat Boat Earbuds is a premium earbuds designed for performance and comfort.
P101109,Fossil Watch,Fossil,Accessories,Watch,4268,INR,38,2646.16,4.7,4178,19636.6,Out of Stock,2026-02-23,Fossil Fossil Watch is a premium watch designed for performance and comfort.
P101110,HP Pavilion,HP,Electronics,Laptop,13794,INR,60,5517.6,3.7,1099,4066.3,In Stock,2025-11-03,HP HP Pavilion is a premium laptop designed for performance and comfort.
P101111,Reebok Shoes,Reebok,Footwear,Training Shoes,7227,INR,54,3324.42,4.7,2577,12111.9,Limited Stock,2025-10-09,Reebok Reebok Shoes is a premium training shoes designed for performance and comfort.
P101112,RayBan Sunglasses,RayBan,Accessories,Sunglasses,4316,INR,22,3366.48,4.5,3151,14179.5,In Stock,2024-11-10,RayBan RayBan Sunglasses is a premium sunglasses designed for performance and comfort.
P101113,Adidas Ultraboost,Adidas,Footwear,Running Shoes,7757,INR,68,2482.24,3.3,4170,13761.0,Limited Stock,2025-07-01,Adidas Adidas Ultraboost is a premium running shoes designed for performance and comfort.
P101114,Sony Headphones,Sony,Electronics,Headphones,71688,INR,27,52332.24,4.4,2672,11756.8,Limited Stock,2026-02-12,Sony Sony Headphones is a premium headphones designed for performance and comfort.
P101115,Puma Jacket,Puma,Fashion,Jacket,3307,INR,23,2546.39,3.7,373,1380.1,Out of Stock,2025-06-24,Puma Puma Jacket is a premium jacket designed for performance and comfort.
P101116,Reebok Shoes,Reebok,Footwear,Training Shoes,4488,INR,39,2737.68,3.3,4888,16130.4,Limited Stock,2025-07-19,Reebok Reebok Shoes is a premium training shoes designed for performance and comfort.
P101117,HP Pavilion,HP,Electronics,Laptop,67528,INR,59,27686.48,3.9,1498,5842.2,In Stock,2026-01-12,HP HP Pavilion is a premium laptop designed for performance and comfort.
P101118,RayBan Sunglasses,RayBan,Accessories,Sunglasses,1803,INR,5,1712.85,3.8,1181,4487.8,In Stock,2026-04-08,RayBan RayBan Sunglasses is a premium sunglasses designed for performance and comfort.
P101119,RayBan Sunglasses,RayBan,Accessories,Sunglasses,2628,INR,8,2417.76,3.4,533,1812.2,Out of Stock,2025-10-25,RayBan RayBan Sunglasses is a premium sunglasses designed for performance and comfort.
P101120,OnePlus 11,OnePlus,Electronics,Smartphone,58976,INR,68,18872.32,3.6,726,2613.6,Out of Stock,2025-11-14,OnePlus OnePlus 11 is a premium smartphone designed for performance and comfort.
P101121,Puma Jacket,Puma,Fashion,Jacket,2689,INR,47,1425.17,4.6,2411,11090.6,In Stock,2025-01-10,Puma Puma Jacket is a premium jacket designed for performance and comfort.
P101122,Fossil Watch,Fossil,Accessories,Watch,4896,INR,68,1566.72,3.2,2341,7491.2,Out of Stock,2024-05-08,Fossil Fossil Watch is a premium watch designed for performance and comfort.
P101123,Reebok Shoes,Reebok,Footwear,Training Shoes,8404,INR,59,3445.64,3.9,1666,6497.4,Limited Stock,2025-09-05,Reebok Reebok Shoes is a premium training shoes designed for performance and comfort.
P101124,Reebok Shoes,Reebok,Footwear,Training Shoes,8493,INR,60,3397.2,4.3,2394,10294.2,Limited Stock,2025-02-26,Reebok Reebok Shoes is a premium training shoes designed for performance and comfort.
P101125,Reebok Shoes,Reebok,Footwear,Training Shoes,8278,INR,6,7781.32,3.8,3551,13493.8,Limited Stock,2025-08-05,Reebok Reebok Shoes is a premium training shoes designed for performance and comfort.
P101126,Reebok Shoes,Reebok,Footwear,Training Shoes,5769,INR,31,3980.61,4.5,1974,8883.0,In Stock,2024-08-11,Reebok Reebok Shoes is a premium training shoes designed for performance and comfort.
P101127,Fossil Watch,Fossil,Accessories,Watch,829,INR,16,696.36,3.4,1806,6140.4,Limited Stock,2025-08-22,Fossil Fossil Watch is a premium watch designed for performance and comfort.
P101128,Wildcraft Backpack,Wildcraft,Accessories,Backpack,357,INR,20,285.6,4.1,1474,6043.4,Out of Stock,2025-06-26,Wildcraft Wildcraft Backpack is a premium backpack designed for performance and comfort.
P101129,Nike T-shirt,Nike,Fashion,T-shirt,4255,INR,56,1872.2,4.4,1647,7246.8,Limited Stock,2025-09-03,Nike Nike T-shirt is a premium t-shirt designed for performance and comfort.
P101130,Zara Shirt,Zara,Fashion,Shirt,4794,INR,18,3931.08,4.8,2451,11764.8,Limited Stock,2026-01-18,Zara Zara Shirt is a premium shirt designed for performance and comfort.
P101131,OnePlus 11,OnePlus,Electronics,Smartphone,26968,INR,58,11326.56,4.1,2468,10118.8,Out of Stock,2024-05-31,OnePlus OnePlus 11 is a premium smartphone designed for performance and comfort.
P101132,Levi's Jeans,Levi's,Fashion,Jeans,1338,INR,67,441.54,4.0,4023,16092.0,In Stock,2024-11-12,Levi's Levi's Jeans is a premium jeans designed for performance and comfort.
P101133,Puma Jacket,Puma,Fashion,Jacket,748,INR,16,628.32,3.9,1728,6739.2,Out of Stock,2025-03-09,Puma Puma Jacket is a premium jacket designed for performance and comfort.
P101134,Dell Laptop,Dell,Electronics,Laptop,46099,INR,57,19822.57,3.5,1795,6282.5,Limited Stock,2024-06-06,Dell Dell Laptop is a premium laptop designed for performance and comfort.
P101135,Sony Headphones,Sony,Electronics,Headphones,8743,INR,68,2797.76,4.0,4900,19600.0,In Stock,2025-11-03,Sony Sony Headphones is a premium headphones designed for performance and comfort.
P101136,Reebok Shoes,Reebok,Footwear,Training Shoes,9711,INR,18,7963.02,4.8,4197,20145.6,Limited Stock,2025-02-14,Reebok Reebok Shoes is a premium training shoes designed for performance and comfort.
P101137,OnePlus 11,OnePlus,Electronics,Smartphone,78341,INR,5,74423.95,4.4,1449,6375.6,Out of Stock,2025-06-22,OnePlus OnePlus 11 is a premium smartphone designed for performance and comfort.
P101138,Wildcraft Backpack,Wildcraft,Accessories,Backpack,2605,INR,15,2214.25,4.8,3772,18105.6,Out of Stock,2024-10-22,Wildcraft Wildcraft Backpack is a premium backpack designed for performance and comfort.
P101139,Samsung Galaxy S21,Samsung,Electronics,Smartphone,68437,INR,7,63646.41,3.6,4649,16736.4,In Stock,2025-08-27,Samsung Samsung Galaxy S21 is a premium smartphone designed for performance and comfort.
P101140,OnePlus 11,OnePlus,Electronics,Smartphone,12217,INR,21,9651.43,4.3,2956,12710.8,In Stock,2024-08-31,OnePlus OnePlus 11 is a premium smartphone designed for performance and comfort.
P101141,iPhone 13,Apple,Electronics,Smartphone,61871,INR,29,43928.41,4.6,2631,12102.6,In Stock,2025-08-06,Apple iPhone 13 is a premium smartphone designed for performance and comfort.
P101142,Puma Jacket,Puma,Fashion,Jacket,4677,INR,17,3881.91,3.6,2814,10130.4,In Stock,2024-09-14,Puma Puma Jacket is a premium jacket designed for performance and comfort.
P101143,Levi's Jeans,Levi's,Fashion,Jeans,4435,INR,35,2882.75,4.0,4863,19452.0,Out of Stock,2026-02-10,Levi's Levi's Jeans is a premium jeans designed for performance and comfort.
P101144,Zara Shirt,Zara,Fashion,Shirt,788,INR,42,457.04,4.9,1061,5198.9,In Stock,2026-01-30,Zara Zara Shirt is a premium shirt designed for performance and comfort.
P101145,Zara Shirt,Zara,Fashion,Shirt,2688,INR,59,1102.08,4.4,4796,21102.4,In Stock,2025-12-23,Zara Zara Shirt is a premium shirt designed for performance and comfort.
P101146,Fossil Watch,Fossil,Accessories,Watch,4264,INR,14,3667.04,3.5,3188,11158.0,Out of Stock,2024-05-17,Fossil Fossil Watch is a premium watch designed for performance and comfort.
P101147,Reebok Shoes,Reebok,Footwear,Training Shoes,9252,INR,11,8234.28,3.2,4366,13971.2,Out of Stock,2025-05-04,Reebok Reebok Shoes is a premium training shoes designed for performance and comfort.
P101148,Puma Sneakers,Puma,Footwear,Sneakers,9027,INR,37,5687.01,3.7,3834,14185.8,In Stock,2024-10-05,Puma Puma Sneakers is a premium sneakers designed for performance and comfort.
P101149,RayBan Sunglasses,RayBan,Accessories,Sunglasses,375,INR,66,127.5,4.0,4439,17756.0,Out of Stock,2025-05-13,RayBan RayBan Sunglasses is a premium sunglasses designed for performance and comfort.
P101150,Wildcraft Backpack,Wildcraft,Accessories,Backpack,3875,INR,14,3332.5,4.5,1807,8131.5,In Stock,2026-04-16,Wildcraft Wildcraft Backpack is a premium backpack designed for performance and comfort.
P101151,Zara Shirt,Zara,Fashion,Shirt,4644,INR,39,2832.84,4.6,2310,10626.0,Limited Stock,2025-07-16,Zara Zara Shirt is a premium shirt designed for performance and comfort.
P101152,HP Pavilion,HP,Electronics,Laptop,78600,INR,40,47160.0,3.4,433,1472.2,Limited Stock,2025-11-16,HP HP Pavilion is a premium laptop designed for performance and comfort.
P101153,iPhone 13,Apple,Electronics,Smartphone,61229,INR,53,28777.63,3.3,5000,16500.0,Limited Stock,2024-05-13,Apple iPhone 13 is a premium smartphone designed for performance and comfort.
P101154,Puma Jacket,Puma,Fashion,Jacket,852,INR,51,417.48,3.4,3326,11308.4,Limited Stock,2025-12-24,Puma Puma Jacket is a premium jacket designed for performance and comfort.
P101155,Reebok Shoes,Reebok,Footwear,Training Shoes,3339,INR,32,2270.52,3.9,3185,12421.5,In Stock,2025-07-03,Reebok Reebok Shoes is a premium training shoes designed for performance and comfort.
P101156,OnePlus 11,OnePlus,Electronics,Smartphone,49188,INR,33,32955.96,4.7,1158,5442.6,In Stock,2025-08-21,OnePlus OnePlus 11 is a premium smartphone designed for performance and comfort.
P101157,Sony Headphones,Sony,Electronics,Headphones,18607,INR,59,7628.87,3.5,1618,5663.0,In Stock,2025-09-06,Sony Sony Headphones is a premium headphones designed for performance and comfort.
P101158,Nike Air Max,Nike,Footwear,Sneakers,8850,INR,39,5398.5,4.1,1176,4821.6,Limited Stock,2025-09-25,Nike Nike Air Max is a premium sneakers designed for performance and comfort.
P101159,Wildcraft Backpack,Wildcraft,Accessories,Backpack,6630,INR,62,2519.4,4.9,1952,9564.8,In Stock,2025-11-23,Wildcraft Wildcraft Backpack is a premium backpack designed for performance and comfort.
P101160,Fossil Watch,Fossil,Accessories,Watch,2740,INR,7,2548.2,5.0,3980,19900.0,Out of Stock,2025-03-14,Fossil Fossil Watch is a premium watch designed for performance and comfort.
P101161,Levi's Jeans,Levi's,Fashion,Jeans,1331,INR,54,612.26,4.5,1152,5184.0,Limited Stock,2025-11-12,Levi's Levi's Jeans is a premium jeans designed for performance and comfort.
P101162,Fossil Watch,Fossil,Accessories,Watch,6723,INR,45,3697.65,4.9,1636,8016.4,Out of Stock,2025-06-01,Fossil Fossil Watch is a premium watch designed for performance and comfort.
P101163,HP Pavilion,HP,Electronics,Laptop,79887,INR,32,54323.16,4.6,4163,19149.8,Out of Stock,2024-10-20,HP HP Pavilion is a premium laptop designed for performance and comfort.
P101164,Adidas Ultraboost,Adidas,Footwear,Running Shoes,2098,INR,70,629.4,4.5,3139,14125.5,Out of Stock,2024-12-30,Adidas Adidas Ultraboost is a premium running shoes designed for performance and comfort.
P101165,Adidas Hoodie,Adidas,Fashion,Hoodie,1063,INR,67,350.79,4.4,4357,19170.8,Limited Stock,2025-04-08,Adidas Adidas Hoodie is a premium hoodie designed for performance and comfort.
P101166,RayBan Sunglasses,RayBan,Accessories,Sunglasses,5171,INR,37,3257.73,4.3,1648,7086.4,Limited Stock,2025-03-13,RayBan RayBan Sunglasses is a premium sunglasses designed for performance and comfort.
P101167,iPhone 13,Apple,Electronics,Smartphone,28129,INR,36,18002.56,3.6,4446,16005.6,In Stock,2025-07-17,Apple iPhone 13 is a premium smartphone designed for performance and comfort.
P101168,Adidas Ultraboost,Adidas,Footwear,Running Shoes,1896,INR,61,739.44,3.3,2072,6837.6,Out of Stock,2026-01-23,Adidas Adidas Ultraboost is a premium running shoes designed for performance and comfort.
P101169,iPhone 13,Apple,Electronics,Smartphone,47754,INR,5,45366.3,4.9,4496,22030.4,In Stock,2024-11-30,Apple iPhone 13 is a premium smartphone designed for performance and comfort.
P101170,Reebok Shoes,Reebok,Footwear,Training Shoes,3273,INR,68,1047.36,3.9,3018,11770.2,Out of Stock,2025-01-28,Reebok Reebok Shoes is a premium training shoes designed for performance and comfort.
P101171,Levi's Jeans,Levi's,Fashion,Jeans,3060,INR,19,2478.6,4.0,4675,18700.0,Limited Stock,2024-09-13,Levi's Levi's Jeans is a premium jeans designed for performance and comfort.
P101172,Nike T-shirt,Nike,Fashion,T-shirt,2641,INR,38,1637.42,3.2,1757,5622.4,Out of Stock,2025-12-10,Nike Nike T-shirt is a premium t-shirt designed for performance and comfort.
P101173,OnePlus 11,OnePlus,Electronics,Smartphone,40881,INR,48,21258.12,4.3,4273,18373.9,Limited Stock,2024-08-05,OnePlus OnePlus 11 is a premium smartphone designed for performance and comfort.
P101174,Fossil Watch,Fossil,Accessories,Watch,4119,INR,47,2183.07,3.9,3177,12390.3,Out of Stock,2024-08-15,Fossil Fossil Watch is a premium watch designed for performance and comfort.
P101175,Puma Jacket,Puma,Fashion,Jacket,2959,INR,70,887.7,3.9,428,1669.2,In Stock,2025-08-10,Puma Puma Jacket is a premium jacket designed for performance and comfort.
P101176,Nike Air Max,Nike,Footwear,Sneakers,4537,INR,37,2858.31,3.8,1076,4088.8,In Stock,2026-01-14,Nike Nike Air Max is a premium sneakers designed for performance and comfort.
P101177,Fossil Watch,Fossil,Accessories,Watch,3860,INR,25,2895.0,4.1,4616,18925.6,Out of Stock,2025-11-29,Fossil Fossil Watch is a premium watch designed for performance and comfort.
P101178,iPhone 13,Apple,Electronics,Smartphone,18624,INR,27,13595.52,3.2,3647,11670.4,Out of Stock,2024-07-17,Apple iPhone 13 is a premium smartphone designed for performance and comfort.
P101179,Fossil Watch,Fossil,Accessories,Watch,4054,INR,5,3851.3,3.2,1117,3574.4,In Stock,2024-07-23,Fossil Fossil Watch is a premium watch designed for performance and comfort.
P101180,Fossil Watch,Fossil,Accessories,Watch,1282,INR,47,679.46,4.9,1156,5664.4,Out of Stock,2025-01-11,Fossil Fossil Watch is a premium watch designed for performance and comfort.
P101181,Puma Jacket,Puma,Fashion,Jacket,4022,INR,29,2855.62,4.7,4226,19862.2,Limited Stock,2025-09-26,Puma Puma Jacket is a premium jacket designed for performance and comfort.
P101182,Puma Jacket,Puma,Fashion,Jacket,4552,INR,11,4051.28,4.9,943,4620.7,Limited Stock,2025-09-28,Puma Puma Jacket is a premium jacket designed for performance and comfort.
P101183,Nike Air Max,Nike,Footwear,Sneakers,9594,INR,57,4125.42,4.5,3139,14125.5,Limited Stock,2024-07-21,Nike Nike Air Max is a premium sneakers designed for performance and comfort.
P101184,Reebok Shoes,Reebok,Footwear,Training Shoes,4161,INR,38,2579.82,4.6,4057,18662.2,Limited Stock,2025-05-30,Reebok Reebok Shoes is a premium training shoes designed for performance and comfort.
P101185,Puma Sneakers,Puma,Footwear,Sneakers,1995,INR,36,1276.8,3.6,867,3121.2,Out of Stock,2026-03-21,Puma Puma Sneakers is a premium sneakers designed for performance and comfort.
P101186,RayBan Sunglasses,RayBan,Accessories,Sunglasses,6800,INR,50,3400.0,3.3,4839,15968.7,Out of Stock,2025-09-04,RayBan RayBan Sunglasses is a premium sunglasses designed for performance and comfort.
P101187,Adidas Ultraboost,Adidas,Footwear,Running Shoes,5470,INR,44,3063.2,3.3,2411,7956.3,Out of Stock,2025-07-20,Adidas Adidas Ultraboost is a premium running shoes designed for performance and comfort.
P101188,Adidas Hoodie,Adidas,Fashion,Hoodie,4588,INR,49,2339.88,4.8,1133,5438.4,Limited Stock,2025-08-28,Adidas Adidas Hoodie is a premium hoodie designed for performance and comfort.
P101189,Puma Jacket,Puma,Fashion,Jacket,4806,INR,51,2354.94,4.9,924,4527.6,Limited Stock,2025-07-08,Puma Puma Jacket is a premium jacket designed for performance and comfort.
P101190,H&M Sweatshirt,H&M,Fashion,Sweatshirt,4688,INR,15,3984.8,4.5,4890,22005.0,In Stock,2026-04-16,H&M H&M Sweatshirt is a premium sweatshirt designed for performance and comfort.
P101191,Fossil Watch,Fossil,Accessories,Watch,6403,INR,37,4033.89,4.2,4529,19021.8,Out of Stock,2025-10-27,Fossil Fossil Watch is a premium watch designed for performance and comfort.
P101192,Puma Sneakers,Puma,Footwear,Sneakers,2257,INR,64,812.52,4.3,678,2915.4,In Stock,2024-12-27,Puma Puma Sneakers is a premium sneakers designed for performance and comfort.
P101193,OnePlus 11,OnePlus,Electronics,Smartphone,73560,INR,63,27217.2,3.9,4862,18961.8,In Stock,2025-09-13,OnePlus OnePlus 11 is a premium smartphone designed for performance and comfort.
P101194,Reebok Shoes,Reebok,Footwear,Training Shoes,4494,INR,41,2651.46,3.5,3795,13282.5,Out of Stock,2024-12-08,Reebok Reebok Shoes is a premium training shoes designed for performance and comfort.
P101195,Zara Shirt,Zara,Fashion,Shirt,3453,INR,33,2313.51,3.6,4840,17424.0,Out of Stock,2025-11-07,Zara Zara Shirt is a premium shirt designed for performance and comfort.
P101196,Zara Shirt,Zara,Fashion,Shirt,2795,INR,49,1425.45,3.9,4718,18400.2,Limited Stock,2025-06-17,Zara Zara Shirt is a premium shirt designed for performance and comfort.
P101197,Wildcraft Backpack,Wildcraft,Accessories,Backpack,1852,INR,64,666.72,4.8,3842,18441.6,Out of Stock,2025-10-03,Wildcraft Wildcraft Backpack is a premium backpack designed for performance and comfort.
P101198,Wildcraft Backpack,Wildcraft,Accessories,Backpack,4601,INR,22,3588.78,3.5,201,703.5,Limited Stock,2024-10-01,Wildcraft Wildcraft Backpack is a premium backpack designed for performance and comfort.
P101199,Nike T-shirt,Nike,Fashion,T-shirt,754,INR,21,595.66,4.1,157,643.7,Out of Stock,2024-08-28,Nike Nike T-shirt is a premium t-shirt designed for performance and comfort.
P101200,Adidas Hoodie,Adidas,Fashion,Hoodie,2236,INR,69,693.16,4.2,1130,4746.0,Limited Stock,2025-09-19,Adidas Adidas Hoodie is a premium hoodie designed for performance and comfort.
P101201,American Tourister Bag,American Tourister,Accessories,Travel Bag,3809,INR,7,3542.37,3.2,3233,10345.6,Limited Stock,2025-02-19,American Tourister American Tourister Bag is a premium travel bag designed for performance and comfort.
P101202,RayBan Sunglasses,RayBan,Accessories,Sunglasses,5675,INR,30,3972.5,3.6,4463,16066.8,Limited Stock,2026-03-08,RayBan RayBan Sunglasses is a premium sunglasses designed for performance and comfort.
P101203,OnePlus 11,OnePlus,Electronics,Smartphone,55732,INR,35,36225.8,4.8,1211,5812.8,Limited Stock,2025-01-19,OnePlus OnePlus 11 is a premium smartphone designed for performance and comfort.
P101204,Puma Sneakers,Puma,Footwear,Sneakers,2789,INR,23,2147.53,4.4,1375,6050.0,Limited Stock,2025-04-06,Puma Puma Sneakers is a premium sneakers designed for performance and comfort.
P101205,Dell Laptop,Dell,Electronics,Laptop,52159,INR,11,46421.51,4.8,62,297.6,Limited Stock,2025-05-03,Dell Dell Laptop is a premium laptop designed for performance and comfort.
P101206,American Tourister Bag,American Tourister,Accessories,Travel Bag,4999,INR,55,2249.55,4.0,668,2672.0,Limited Stock,2025-07-27,American Tourister American Tourister Bag is a premium travel bag designed for performance and comfort.
P101207,Sony Headphones,Sony,Electronics,Headphones,38171,INR,44,21375.76,3.9,3272,12760.8,In Stock,2025-03-29,Sony Sony Headphones is a premium headphones designed for performance and comfort.
P101208,Nike Air Max,Nike,Footwear,Sneakers,3163,INR,48,1644.76,3.2,4601,14723.2,In Stock,2025-10-05,Nike Nike Air Max is a premium sneakers designed for performance and comfort.
P101209,Levi's Jeans,Levi's,Fashion,Jeans,4279,INR,28,3080.88,3.7,3257,12050.9,In Stock,2026-04-08,Levi's Levi's Jeans is a premium jeans designed for performance and comfort.
P101210,iPhone 13,Apple,Electronics,Smartphone,37995,INR,67,12538.35,4.5,384,1728.0,In Stock,2024-05-23,Apple iPhone 13 is a premium smartphone designed for performance and comfort.
P101211,OnePlus 11,OnePlus,Electronics,Smartphone,75594,INR,31,52159.86,3.9,1595,6220.5,In Stock,2025-06-06,OnePlus OnePlus 11 is a premium smartphone designed for performance and comfort.
P101212,Levi's Jeans,Levi's,Fashion,Jeans,3873,INR,68,1239.36,3.6,1184,4262.4,Limited Stock,2026-03-10,Levi's Levi's Jeans is a premium jeans designed for performance and comfort.
P101213,Boat Earbuds,Boat,Electronics,Earbuds,29791,INR,17,24726.53,3.8,2500,9500.0,Limited Stock,2025-11-17,Boat Boat Earbuds is a premium earbuds designed for performance and comfort.
P101214,Adidas Hoodie,Adidas,Fashion,Hoodie,4498,INR,63,1664.26,3.6,275,990.0,In Stock,2025-12-19,Adidas Adidas Hoodie is a premium hoodie designed for performance and comfort.
P101215,OnePlus 11,OnePlus,Electronics,Smartphone,55785,INR,67,18409.05,4.6,4104,18878.4,Limited Stock,2025-10-27,OnePlus OnePlus 11 is a premium smartphone designed for performance and comfort.
P101216,Boat Earbuds,Boat,Electronics,Earbuds,71588,INR,22,55838.64,3.8,184,699.2,In Stock,2025-04-16,Boat Boat Earbuds is a premium earbuds designed for performance and comfort.
P101217,Adidas Hoodie,Adidas,Fashion,Hoodie,3880,INR,37,2444.4,4.2,2945,12369.0,Out of Stock,2025-06-14,Adidas Adidas Hoodie is a premium hoodie designed for performance and comfort.
P101218,Sony Headphones,Sony,Electronics,Headphones,72310,INR,13,62909.7,4.9,2134,10456.6,In Stock,2025-01-21,Sony Sony Headphones is a premium headphones designed for performance and comfort.
P101219,Nike T-shirt,Nike,Fashion,T-shirt,2489,INR,25,1866.75,4.5,2542,11439.0,Limited Stock,2026-04-17,Nike Nike T-shirt is a premium t-shirt designed for performance and comfort.
P101220,American Tourister Bag,American Tourister,Accessories,Travel Bag,4970,INR,67,1640.1,4.0,1840,7360.0,Out of Stock,2024-10-25,American Tourister American Tourister Bag is a premium travel bag designed for performance and comfort.
P101221,Puma Sneakers,Puma,Footwear,Sneakers,2312,INR,52,1109.76,3.8,487,1850.6,Limited Stock,2025-08-04,Puma Puma Sneakers is a premium sneakers designed for performance and comfort.
P101222,Puma Jacket,Puma,Fashion,Jacket,4890,INR,54,2249.4,4.6,1315,6049.0,Out of Stock,2024-12-14,Puma Puma Jacket is a premium jacket designed for performance and comfort.
P101223,Puma Jacket,Puma,Fashion,Jacket,953,INR,24,724.28,4.5,227,1021.5,Limited Stock,2025-10-17,Puma Puma Jacket is a premium jacket designed for performance and comfort.
P101224,Levi's Jeans,Levi's,Fashion,Jeans,1841,INR,53,865.27,5.0,4793,23965.0,In Stock,2026-03-25,Levi's Levi's Jeans is a premium jeans designed for performance and comfort.
P101225,Reebok Shoes,Reebok,Footwear,Training Shoes,9072,INR,5,8618.4,4.1,3770,15457.0,In Stock,2024-07-22,Reebok Reebok Shoes is a premium training shoes designed for performance and comfort.
P101226,Adidas Hoodie,Adidas,Fashion,Hoodie,1760,INR,63,651.2,4.4,2547,11206.8,In Stock,2025-09-19,Adidas Adidas Hoodie is a premium hoodie designed for performance and comfort.
P101227,Adidas Ultraboost,Adidas,Footwear,Running Shoes,7691,INR,28,5537.52,3.8,1385,5263.0,In Stock,2024-09-27,Adidas Adidas Ultraboost is a premium running shoes designed for performance and comfort.
P101228,Wildcraft Backpack,Wildcraft,Accessories,Backpack,2960,INR,46,1598.4,4.5,2248,10116.0,Limited Stock,2026-02-27,Wildcraft Wildcraft Backpack is a premium backpack designed for performance and comfort.
P101229,H&M Sweatshirt,H&M,Fashion,Sweatshirt,4638,INR,57,1994.34,4.3,3265,14039.5,Out of Stock,2025-03-22,H&M H&M Sweatshirt is a premium sweatshirt designed for performance and comfort.
P101230,American Tourister Bag,American Tourister,Accessories,Travel Bag,1010,INR,58,424.2,3.5,694,2429.0,In Stock,2025-12-01,American Tourister American Tourister Bag is a premium travel bag designed for performance and comfort.
P101231,Puma Jacket,Puma,Fashion,Jacket,3646,INR,18,2989.72,3.3,4695,15493.5,Limited Stock,2024-08-24,Puma Puma Jacket is a premium jacket designed for performance and comfort.
P101232,Fossil Watch,Fossil,Accessories,Watch,4077,INR,55,1834.65,3.6,571,2055.6,In Stock,2024-06-14,Fossil Fossil Watch is a premium watch designed for performance and comfort.
P101233,Nike T-shirt,Nike,Fashion,T-shirt,4342,INR,13,3777.54,4.1,983,4030.3,Out of Stock,2024-10-21,Nike Nike T-shirt is a premium t-shirt designed for performance and comfort.
P101234,Sony Headphones,Sony,Electronics,Headphones,42837,INR,30,29985.9,4.4,2266,9970.4,Out of Stock,2024-06-23,Sony Sony Headphones is a premium headphones designed for performance and comfort.
P101235,Reebok Shoes,Reebok,Footwear,Training Shoes,8225,INR,58,3454.5,4.7,2581,12130.7,In Stock,2025-05-17,Reebok Reebok Shoes is a premium training shoes designed for performance and comfort.
P101236,Nike Air Max,Nike,Footwear,Sneakers,8441,INR,35,5486.65,3.8,3784,14379.2,In Stock,2026-01-03,Nike Nike Air Max is a premium sneakers designed for performance and comfort.
P101237,Reebok Shoes,Reebok,Footwear,Training Shoes,5680,INR,11,5055.2,3.5,207,724.5,In Stock,2025-01-28,Reebok Reebok Shoes is a premium training shoes designed for performance and comfort.
P101238,Adidas Hoodie,Adidas,Fashion,Hoodie,2788,INR,54,1282.48,4.5,908,4086.0,In Stock,2026-01-02,Adidas Adidas Hoodie is a premium hoodie designed for performance and comfort.
P101239,Wildcraft Backpack,Wildcraft,Accessories,Backpack,3398,INR,43,1936.86,4.5,378,1701.0,Limited Stock,2026-04-05,Wildcraft Wildcraft Backpack is a premium backpack designed for performance and comfort.
P101240,Adidas Ultraboost,Adidas,Footwear,Running Shoes,1945,INR,56,855.8,3.5,1854,6489.0,Out of Stock,2024-12-16,Adidas Adidas Ultraboost is a premium running shoes designed for performance and comfort.
P101241,Levi's Jeans,Levi's,Fashion,Jeans,1505,INR,35,978.25,3.9,4161,16227.9,In Stock,2026-04-11,Levi's Levi's Jeans is a premium jeans designed for performance and comfort.
P101242,OnePlus 11,OnePlus,Electronics,Smartphone,61995,INR,41,36577.05,3.4,609,2070.6,Out of Stock,2024-06-21,OnePlus OnePlus 11 is a premium smartphone designed for performance and comfort.
P101243,Wildcraft Backpack,Wildcraft,Accessories,Backpack,6929,INR,59,2840.89,3.8,1550,5890.0,Out of Stock,2024-09-20,Wildcraft Wildcraft Backpack is a premium backpack designed for performance and comfort.
P101244,Fossil Watch,Fossil,Accessories,Watch,4483,INR,39,2734.63,3.9,2652,10342.8,Limited Stock,2024-05-04,Fossil Fossil Watch is a premium watch designed for performance and comfort.
P101245,Adidas Hoodie,Adidas,Fashion,Hoodie,4529,INR,47,2400.37,3.3,3106,10249.8,Out of Stock,2026-03-30,Adidas Adidas Hoodie is a premium hoodie designed for performance and comfort.
P101246,RayBan Sunglasses,RayBan,Accessories,Sunglasses,3342,INR,16,2807.28,4.0,3492,13968.0,In Stock,2024-05-17,RayBan RayBan Sunglasses is a premium sunglasses designed for performance and comfort.
P101247,Adidas Ultraboost,Adidas,Footwear,Running Shoes,9966,INR,60,3986.4,4.6,2931,13482.6,Limited Stock,2025-03-04,Adidas Adidas Ultraboost is a premium running shoes designed for performance and comfort.
P101248,Nike T-shirt,Nike,Fashion,T-shirt,1820,INR,28,1310.4,4.3,1825,7847.5,Limited Stock,2024-10-31,Nike Nike T-shirt is a premium t-shirt designed for performance and comfort.
P101249,RayBan Sunglasses,RayBan,Accessories,Sunglasses,4315,INR,61,1682.85,3.8,416,1580.8,In Stock,2024-08-10,RayBan RayBan Sunglasses is a premium sunglasses designed for performance and comfort.
P101250,Puma Sneakers,Puma,Footwear,Sneakers,5847,INR,13,5086.89,4.1,671,2751.1,Limited Stock,2026-01-12,Puma Puma Sneakers is a premium sneakers designed for performance and comfort.
P101251,Puma Jacket,Puma,Fashion,Jacket,1613,INR,9,1467.83,4.6,1711,7870.6,In Stock,2024-12-10,Puma Puma Jacket is a premium jacket designed for performance and comfort.
P101252,Dell Laptop,Dell,Electronics,Laptop,73975,INR,57,31809.25,3.4,3914,13307.6,Limited Stock,2024-12-30,Dell Dell Laptop is a premium laptop designed for performance and comfort.
P101253,Boat Earbuds,Boat,Electronics,Earbuds,63451,INR,9,57740.41,4.0,1846,7384.0,Limited Stock,2024-06-30,Boat Boat Earbuds is a premium earbuds designed for performance and comfort.
P101254,RayBan Sunglasses,RayBan,Accessories,Sunglasses,329,INR,58,138.18,4.3,4058,17449.4,Limited Stock,2025-01-21,RayBan RayBan Sunglasses is a premium sunglasses designed for performance and comfort.
P101255,Puma Jacket,Puma,Fashion,Jacket,3659,INR,33,2451.53,4.1,716,2935.6,Out of Stock,2024-12-16,Puma Puma Jacket is a premium jacket designed for performance and comfort.
P101256,Reebok Shoes,Reebok,Footwear,Training Shoes,1272,INR,69,394.32,3.6,2442,8791.2,Out of Stock,2025-09-19,Reebok Reebok Shoes is a premium training shoes designed for performance and comfort.
P101257,iPhone 13,Apple,Electronics,Smartphone,56111,INR,45,30861.05,4.3,3949,16980.7,In Stock,2025-07-14,Apple iPhone 13 is a premium smartphone designed for performance and comfort.
P101258,OnePlus 11,OnePlus,Electronics,Smartphone,65195,INR,51,31945.55,4.1,2662,10914.2,Out of Stock,2025-01-19,OnePlus OnePlus 11 is a premium smartphone designed for performance and comfort.
P101259,Wildcraft Backpack,Wildcraft,Accessories,Backpack,4643,INR,65,1625.05,4.6,2093,9627.8,Out of Stock,2024-10-12,Wildcraft Wildcraft Backpack is a premium backpack designed for performance and comfort.
P101260,American Tourister Bag,American Tourister,Accessories,Travel Bag,6105,INR,15,5189.25,4.0,4644,18576.0,Out of Stock,2026-04-23,American Tourister American Tourister Bag is a premium travel bag designed for performance and comfort.
P101261,Wildcraft Backpack,Wildcraft,Accessories,Backpack,6613,INR,62,2512.94,4.4,4766,20970.4,Out of Stock,2025-04-13,Wildcraft Wildcraft Backpack is a premium backpack designed for performance and comfort.
P101262,Levi's Jeans,Levi's,Fashion,Jeans,4285,INR,50,2142.5,3.6,2614,9410.4,Out of Stock,2025-11-12,Levi's Levi's Jeans is a premium jeans designed for performance and comfort.
P101263,H&M Sweatshirt,H&M,Fashion,Sweatshirt,3403,INR,5,3232.85,3.8,2199,8356.2,Limited Stock,2025-11-16,H&M H&M Sweatshirt is a premium sweatshirt designed for performance and comfort.
P101264,Zara Shirt,Zara,Fashion,Shirt,2393,INR,33,1603.31,4.3,1091,4691.3,In Stock,2024-06-25,Zara Zara Shirt is a premium shirt designed for performance and comfort.
P101265,Sony Headphones,Sony,Electronics,Headphones,35647,INR,47,18892.91,4.3,2545,10943.5,Limited Stock,2025-06-21,Sony Sony Headphones is a premium headphones designed for performance and comfort.
P101266,Levi's Jeans,Levi's,Fashion,Jeans,4690,INR,12,4127.2,4.6,1134,5216.4,Out of Stock,2024-11-05,Levi's Levi's Jeans is a premium jeans designed for performance and comfort.
P101267,OnePlus 11,OnePlus,Electronics,Smartphone,55560,INR,49,28335.6,4.7,2426,11402.2,In Stock,2024-07-19,OnePlus OnePlus 11 is a premium smartphone designed for performance and comfort.
P101268,Nike Air Max,Nike,Footwear,Sneakers,4733,INR,30,3313.1,5.0,3076,15380.0,Out of Stock,2024-09-24,Nike Nike Air Max is a premium sneakers designed for performance and comfort.
P101269,Dell Laptop,Dell,Electronics,Laptop,47688,INR,33,31950.96,4.9,10,49.0,In Stock,2024-10-12,Dell Dell Laptop is a premium laptop designed for performance and comfort.
P101270,Fossil Watch,Fossil,Accessories,Watch,3140,INR,11,2794.6,3.5,3311,11588.5,Out of Stock,2024-11-13,Fossil Fossil Watch is a premium watch designed for performance and comfort.
P101271,Zara Shirt,Zara,Fashion,Shirt,2954,INR,10,2658.6,4.1,1693,6941.3,Out of Stock,2024-05-28,Zara Zara Shirt is a premium shirt designed for performance and comfort.
P101272,Reebok Shoes,Reebok,Footwear,Training Shoes,8769,INR,60,3507.6,3.9,3597,14028.3,Out of Stock,2026-01-11,Reebok Reebok Shoes is a premium training shoes designed for performance and comfort.
P101273,Levi's Jeans,Levi's,Fashion,Jeans,2329,INR,17,1933.07,4.2,1441,6052.2,In Stock,2024-06-07,Levi's Levi's Jeans is a premium jeans designed for performance and comfort.
P101274,Adidas Ultraboost,Adidas,Footwear,Running Shoes,1796,INR,40,1077.6,4.2,2183,9168.6,Limited Stock,2025-08-16,Adidas Adidas Ultraboost is a premium running shoes designed for performance and comfort.
P101275,iPhone 13,Apple,Electronics,Smartphone,52102,INR,36,33345.28,4.4,1029,4527.6,Out of Stock,2026-04-23,Apple iPhone 13 is a premium smartphone designed for performance and comfort.
P101276,Zara Shirt,Zara,Fashion,Shirt,781,INR,6,734.14,3.4,2994,10179.6,Out of Stock,2026-04-24,Zara Zara Shirt is a premium shirt designed for performance and comfort.
P101277,OnePlus 11,OnePlus,Electronics,Smartphone,52422,INR,50,26211.0,3.5,2393,8375.5,Out of Stock,2026-01-08,OnePlus OnePlus 11 is a premium smartphone designed for performance and comfort.
P101278,Reebok Shoes,Reebok,Footwear,Training Shoes,2652,INR,35,1723.8,4.3,3056,13140.8,Out of Stock,2025-01-15,Reebok Reebok Shoes is a premium training shoes designed for performance and comfort.
P101279,Puma Sneakers,Puma,Footwear,Sneakers,2172,INR,12,1911.36,4.2,4097,17207.4,Out of Stock,2025-08-12,Puma Puma Sneakers is a premium sneakers designed for performance and comfort.
P101280,Puma Sneakers,Puma,Footwear,Sneakers,4140,INR,21,3270.6,4.0,4463,17852.0,Limited Stock,2025-08-03,Puma Puma Sneakers is a premium sneakers designed for performance and comfort.
P101281,Reebok Shoes,Reebok,Footwear,Training Shoes,3123,INR,9,2841.93,4.7,691,3247.7,Limited Stock,2025-09-15,Reebok Reebok Shoes is a premium training shoes designed for performance and comfort.
P101282,Boat Earbuds,Boat,Electronics,Earbuds,8564,INR,57,3682.52,3.6,3301,11883.6,In Stock,2025-01-27,Boat Boat Earbuds is a premium earbuds designed for performance and comfort.
P101283,American Tourister Bag,American Tourister,Accessories,Travel Bag,2492,INR,53,1171.24,5.0,2288,11440.0,Limited Stock,2025-04-20,American Tourister American Tourister Bag is a premium travel bag designed for performance and comfort.
P101284,American Tourister Bag,American Tourister,Accessories,Travel Bag,2857,INR,46,1542.78,4.2,3925,16485.0,Out of Stock,2025-04-06,American Tourister American Tourister Bag is a premium travel bag designed for performance and comfort.
P101285,Adidas Ultraboost,Adidas,Footwear,Running Shoes,5913,INR,12,5203.44,4.4,688,3027.2,In Stock,2024-10-30,Adidas Adidas Ultraboost is a premium running shoes designed for performance and comfort.
P101286,Zara Shirt,Zara,Fashion,Shirt,3068,INR,42,1779.44,4.7,4136,19439.2,In Stock,2024-07-09,Zara Zara Shirt is a premium shirt designed for performance and comfort.
P101287,Puma Jacket,Puma,Fashion,Jacket,4507,INR,52,2163.36,4.3,274,1178.2,In Stock,2025-10-22,Puma Puma Jacket is a premium jacket designed for performance and comfort.
P101288,American Tourister Bag,American Tourister,Accessories,Travel Bag,790,INR,18,647.8,3.8,3018,11468.4,Limited Stock,2025-12-20,American Tourister American Tourister Bag is a premium travel bag designed for performance and comfort.
P101289,Boat Earbuds,Boat,Electronics,Earbuds,58360,INR,13,50773.2,4.2,3483,14628.6,Out of Stock,2025-07-28,Boat Boat Earbuds is a premium earbuds designed for performance and comfort.
P101290,Puma Sneakers,Puma,Footwear,Sneakers,3374,INR,44,1889.44,4.0,4793,19172.0,Limited Stock,2024-05-15,Puma Puma Sneakers is a premium sneakers designed for performance and comfort.
P101291,Zara Shirt,Zara,Fashion,Shirt,3990,INR,19,3231.9,4.0,1041,4164.0,Limited Stock,2024-10-19,Zara Zara Shirt is a premium shirt designed for performance and comfort.
P101292,Wildcraft Backpack,Wildcraft,Accessories,Backpack,2875,INR,24,2185.0,4.4,4329,19047.6,In Stock,2025-04-27,Wildcraft Wildcraft Backpack is a premium backpack designed for performance and comfort.
P101293,Nike T-shirt,Nike,Fashion,T-shirt,3316,INR,49,1691.16,4.5,4275,19237.5,In Stock,2026-04-28,Nike Nike T-shirt is a premium t-shirt designed for performance and comfort.
P101294,Wildcraft Backpack,Wildcraft,Accessories,Backpack,1191,INR,17,988.53,4.3,2143,9214.9,Out of Stock,2025-05-05,Wildcraft Wildcraft Backpack is a premium backpack designed for performance and comfort.
P101295,Fossil Watch,Fossil,Accessories,Watch,4189,INR,46,2262.06,3.9,647,2523.3,Out of Stock,2024-10-17,Fossil Fossil Watch is a premium watch designed for performance and comfort.
P101296,iPhone 13,Apple,Electronics,Smartphone,39339,INR,50,19669.5,4.8,4200,20160.0,In Stock,2025-05-27,Apple iPhone 13 is a premium smartphone designed for performance and comfort.
P101297,Nike Air Max,Nike,Footwear,Sneakers,4461,INR,63,1650.57,4.8,3608,17318.4,In Stock,2025-08-04,Nike Nike Air Max is a premium sneakers designed for performance and comfort.
P101298,American Tourister Bag,American Tourister,Accessories,Travel Bag,2133,INR,28,1535.76,4.0,4196,16784.0,Out of Stock,2026-04-17,American Tourister American Tourister Bag is a premium travel bag designed for performance and comfort.
P101299,Dell Laptop,Dell,Electronics,Laptop,23726,INR,16,19929.84,3.6,716,2577.6,Out of Stock,2024-05-02,Dell Dell Laptop is a premium laptop designed for performance and comfort.
P101300,Wildcraft Backpack,Wildcraft,Accessories,Backpack,1184,INR,28,852.48,3.8,3262,12395.6,Out of Stock,2025-10-29,Wildcraft Wildcraft Backpack is a premium backpack designed for performance and comfort.
P101301,Wildcraft Backpack,Wildcraft,Accessories,Backpack,1842,INR,68,589.44,3.8,1970,7486.0,In Stock,2025-02-07,Wildcraft Wildcraft Backpack is a premium backpack designed for performance and comfort.
P101302,Nike T-shirt,Nike,Fashion,T-shirt,1791,INR,49,913.41,4.5,2963,13333.5,Out of Stock,2024-05-30,Nike Nike T-shirt is a premium t-shirt designed for performance and comfort.
P101303,Levi's Jeans,Levi's,Fashion,Jeans,2639,INR,10,2375.1,4.8,1662,7977.6,Out of Stock,2024-10-10,Levi's Levi's Jeans is a premium jeans designed for performance and comfort.
P101304,Puma Sneakers,Puma,Footwear,Sneakers,2186,INR,66,743.24,3.9,3671,14316.9,Limited Stock,2024-07-18,Puma Puma Sneakers is a premium sneakers designed for performance and comfort.
P101305,Boat Earbuds,Boat,Electronics,Earbuds,50448,INR,13,43889.76,4.2,4885,20517.0,Out of Stock,2026-04-29,Boat Boat Earbuds is a premium earbuds designed for performance and comfort.
P101306,H&M Sweatshirt,H&M,Fashion,Sweatshirt,2238,INR,63,828.06,4.0,1792,7168.0,In Stock,2025-02-19,H&M H&M Sweatshirt is a premium sweatshirt designed for performance and comfort.
P101307,RayBan Sunglasses,RayBan,Accessories,Sunglasses,6867,INR,34,4532.22,3.8,4118,15648.4,Out of Stock,2024-12-14,RayBan RayBan Sunglasses is a premium sunglasses designed for performance and comfort.
P101308,Wildcraft Backpack,Wildcraft,Accessories,Backpack,5184,INR,5,4924.8,3.9,2933,11438.7,Out of Stock,2024-12-13,Wildcraft Wildcraft Backpack is a premium backpack designed for performance and comfort.
P101309,Fossil Watch,Fossil,Accessories,Watch,5786,INR,21,4570.94,3.8,3743,14223.4,In Stock,2025-05-11,Fossil Fossil Watch is a premium watch designed for performance and comfort.
P101310,Adidas Ultraboost,Adidas,Footwear,Running Shoes,6383,INR,53,3000.01,3.4,2628,8935.2,In Stock,2025-08-09,Adidas Adidas Ultraboost is a premium running shoes designed for performance and comfort.
P101311,Dell Laptop,Dell,Electronics,Laptop,13372,INR,33,8959.24,4.0,1332,5328.0,In Stock,2025-08-17,Dell Dell Laptop is a premium laptop designed for performance and comfort.
P101312,American Tourister Bag,American Tourister,Accessories,Travel Bag,1658,INR,58,696.36,3.7,4193,15514.1,In Stock,2024-06-10,American Tourister American Tourister Bag is a premium travel bag designed for performance and comfort.
P101313,Levi's Jeans,Levi's,Fashion,Jeans,3959,INR,63,1464.83,4.2,4369,18349.8,Out of Stock,2024-08-16,Levi's Levi's Jeans is a premium jeans designed for performance and comfort.
P101314,Fossil Watch,Fossil,Accessories,Watch,2818,INR,39,1718.98,4.2,1639,6883.8,Limited Stock,2024-10-07,Fossil Fossil Watch is a premium watch designed for performance and comfort.
P101315,H&M Sweatshirt,H&M,Fashion,Sweatshirt,1666,INR,36,1066.24,3.2,1373,4393.6,In Stock,2024-05-31,H&M H&M Sweatshirt is a premium sweatshirt designed for performance and comfort.
P101316,Sony Headphones,Sony,Electronics,Headphones,17004,INR,26,12582.96,3.8,379,1440.2,Out of Stock,2025-01-14,Sony Sony Headphones is a premium headphones designed for performance and comfort.
P101317,Reebok Shoes,Reebok,Footwear,Training Shoes,9678,INR,37,6097.14,3.4,709,2410.6,Out of Stock,2026-01-31,Reebok Reebok Shoes is a premium training shoes designed for performance and comfort.
P101318,Reebok Shoes,Reebok,Footwear,Training Shoes,7359,INR,14,6328.74,3.6,3037,10933.2,Out of Stock,2026-04-11,Reebok Reebok Shoes is a premium training shoes designed for performance and comfort.
P101319,Puma Sneakers,Puma,Footwear,Sneakers,9425,INR,12,8294.0,4.8,536,2572.8,Out of Stock,2025-01-18,Puma Puma Sneakers is a premium sneakers designed for performance and comfort.
P101320,Wildcraft Backpack,Wildcraft,Accessories,Backpack,2870,INR,20,2296.0,3.4,3421,11631.4,Out of Stock,2024-08-26,Wildcraft Wildcraft Backpack is a premium backpack designed for performance and comfort.
P101321,American Tourister Bag,American Tourister,Accessories,Travel Bag,2204,INR,60,881.6,4.0,1736,6944.0,In Stock,2024-10-01,American Tourister American Tourister Bag is a premium travel bag designed for performance and comfort.
P101322,Nike T-shirt,Nike,Fashion,T-shirt,2583,INR,12,2273.04,4.2,2523,10596.6,In Stock,2024-11-02,Nike Nike T-shirt is a premium t-shirt designed for performance and comfort.
P101323,Sony Headphones,Sony,Electronics,Headphones,66564,INR,26,49257.36,3.5,4398,15393.0,In Stock,2024-07-20,Sony Sony Headphones is a premium headphones designed for performance and comfort.
P101324,American Tourister Bag,American Tourister,Accessories,Travel Bag,3754,INR,57,1614.22,4.9,271,1327.9,Limited Stock,2026-03-03,American Tourister American Tourister Bag is a premium travel bag designed for performance and comfort.
P101325,Nike Air Max,Nike,Footwear,Sneakers,3506,INR,15,2980.1,5.0,65,325.0,Limited Stock,2024-12-10,Nike Nike Air Max is a premium sneakers designed for performance and comfort.
P101326,Puma Sneakers,Puma,Footwear,Sneakers,9482,INR,50,4741.0,3.3,2455,8101.5,Out of Stock,2025-12-28,Puma Puma Sneakers is a premium sneakers designed for performance and comfort.
P101327,Adidas Ultraboost,Adidas,Footwear,Running Shoes,8331,INR,64,2999.16,4.0,4397,17588.0,Out of Stock,2025-04-23,Adidas Adidas Ultraboost is a premium running shoes designed for performance and comfort.
P101328,Dell Laptop,Dell,Electronics,Laptop,27998,INR,18,22958.36,4.7,4342,20407.4,Out of Stock,2024-12-21,Dell Dell Laptop is a premium laptop designed for performance and comfort.
P101329,Sony Headphones,Sony,Electronics,Headphones,18827,INR,39,11484.47,3.3,3725,12292.5,In Stock,2025-12-23,Sony Sony Headphones is a premium headphones designed for performance and comfort.
P101330,Adidas Hoodie,Adidas,Fashion,Hoodie,2750,INR,6,2585.0,4.7,3754,17643.8,Limited Stock,2025-09-15,Adidas Adidas Hoodie is a premium hoodie designed for performance and comfort.
P101331,Adidas Hoodie,Adidas,Fashion,Hoodie,3833,INR,42,2223.14,4.1,2411,9885.1,Limited Stock,2024-08-29,Adidas Adidas Hoodie is a premium hoodie designed for performance and comfort.
P101332,Fossil Watch,Fossil,Accessories,Watch,6057,INR,21,4785.03,4.0,31,124.0,In Stock,2025-11-21,Fossil Fossil Watch is a premium watch designed for performance and comfort.
P101333,Adidas Ultraboost,Adidas,Footwear,Running Shoes,9955,INR,67,3285.15,4.4,2476,10894.4,Out of Stock,2024-07-09,Adidas Adidas Ultraboost is a premium running shoes designed for performance and comfort.
P101334,HP Pavilion,HP,Electronics,Laptop,29032,INR,18,23806.24,4.2,2923,12276.6,Out of Stock,2024-10-21,HP HP Pavilion is a premium laptop designed for performance and comfort.
P101335,Puma Jacket,Puma,Fashion,Jacket,4483,INR,16,3765.72,3.3,210,693.0,In Stock,2025-02-17,Puma Puma Jacket is a premium jacket designed for performance and comfort.
P101336,OnePlus 11,OnePlus,Electronics,Smartphone,10754,INR,11,9571.06,4.3,2682,11532.6,In Stock,2025-03-13,OnePlus OnePlus 11 is a premium smartphone designed for performance and comfort.
P101337,American Tourister Bag,American Tourister,Accessories,Travel Bag,3911,INR,30,2737.7,4.3,3796,16322.8,Limited Stock,2025-08-02,American Tourister American Tourister Bag is a premium travel bag designed for performance and comfort.
P101338,Wildcraft Backpack,Wildcraft,Accessories,Backpack,2178,INR,60,871.2,4.5,4004,18018.0,Out of Stock,2026-04-25,Wildcraft Wildcraft Backpack is a premium backpack designed for performance and comfort.
P101339,H&M Sweatshirt,H&M,Fashion,Sweatshirt,4317,INR,63,1597.29,3.5,327,1144.5,In Stock,2024-07-13,H&M H&M Sweatshirt is a premium sweatshirt designed for performance and comfort.
P101340,Samsung Galaxy S21,Samsung,Electronics,Smartphone,61215,INR,58,25710.3,3.5,1111,3888.5,Limited Stock,2025-05-24,Samsung Samsung Galaxy S21 is a premium smartphone designed for performance and comfort.
P101341,Nike Air Max,Nike,Footwear,Sneakers,1611,INR,54,741.06,3.4,4997,16989.8,Limited Stock,2025-07-07,Nike Nike Air Max is a premium sneakers designed for performance and comfort.
P101342,Adidas Hoodie,Adidas,Fashion,Hoodie,4997,INR,20,3997.6,4.7,3184,14964.8,Limited Stock,2025-05-16,Adidas Adidas Hoodie is a premium hoodie designed for performance and comfort.
P101343,RayBan Sunglasses,RayBan,Accessories,Sunglasses,1575,INR,25,1181.25,3.4,4649,15806.6,Limited Stock,2025-01-21,RayBan RayBan Sunglasses is a premium sunglasses designed for performance and comfort.
P101344,American Tourister Bag,American Tourister,Accessories,Travel Bag,1397,INR,18,1145.54,3.9,2299,8966.1,In Stock,2025-04-09,American Tourister American Tourister Bag is a premium travel bag designed for performance and comfort.
P101345,Adidas Ultraboost,Adidas,Footwear,Running Shoes,7119,INR,28,5125.68,4.9,4790,23471.0,In Stock,2024-05-27,Adidas Adidas Ultraboost is a premium running shoes designed for performance and comfort.
P101346,Samsung Galaxy S21,Samsung,Electronics,Smartphone,56329,INR,37,35487.27,4.3,4561,19612.3,Out of Stock,2025-09-28,Samsung Samsung Galaxy S21 is a premium smartphone designed for performance and comfort.
P101347,Wildcraft Backpack,Wildcraft,Accessories,Backpack,4944,INR,18,4054.08,4.9,252,1234.8,Limited Stock,2025-06-05,Wildcraft Wildcraft Backpack is a premium backpack designed for performance and comfort.
P101348,Puma Sneakers,Puma,Footwear,Sneakers,4911,INR,5,4665.45,3.7,91,336.7,Out of Stock,2024-09-30,Puma Puma Sneakers is a premium sneakers designed for performance and comfort.
P101349,Puma Jacket,Puma,Fashion,Jacket,1266,INR,67,417.78,4.1,656,2689.6,Out of Stock,2025-09-09,Puma Puma Jacket is a premium jacket designed for performance and comfort.
P101350,Levi's Jeans,Levi's,Fashion,Jeans,3323,INR,40,1993.8,4.8,2329,11179.2,Limited Stock,2025-10-24,Levi's Levi's Jeans is a premium jeans designed for performance and comfort.
P101351,Reebok Shoes,Reebok,Footwear,Training Shoes,4345,INR,38,2693.9,3.3,315,1039.5,Out of Stock,2024-08-22,Reebok Reebok Shoes is a premium training shoes designed for performance and comfort.
P101352,Puma Sneakers,Puma,Footwear,Sneakers,7503,INR,29,5327.13,4.1,4789,19634.9,In Stock,2026-01-31,Puma Puma Sneakers is a premium sneakers designed for performance and comfort.
P101353,Sony Headphones,Sony,Electronics,Headphones,43779,INR,54,20138.34,3.7,351,1298.7,In Stock,2025-03-13,Sony Sony Headphones is a premium headphones designed for performance and comfort.
P101354,HP Pavilion,HP,Electronics,Laptop,52312,INR,30,36618.4,3.7,1060,3922.0,Out of Stock,2025-12-23,HP HP Pavilion is a premium laptop designed for performance and comfort.
P101355,Adidas Ultraboost,Adidas,Footwear,Running Shoes,4882,INR,57,2099.26,3.4,1523,5178.2,Out of Stock,2025-02-21,Adidas Adidas Ultraboost is a premium running shoes designed for performance and comfort.
P101356,Reebok Shoes,Reebok,Footwear,Training Shoes,9857,INR,70,2957.1,4.6,4238,19494.8,In Stock,2025-11-07,Reebok Reebok Shoes is a premium training shoes designed for performance and comfort.
P101357,Adidas Ultraboost,Adidas,Footwear,Running Shoes,3340,INR,62,1269.2,3.4,2604,8853.6,Limited Stock,2024-07-08,Adidas Adidas Ultraboost is a premium running shoes designed for performance and comfort.
P101358,H&M Sweatshirt,H&M,Fashion,Sweatshirt,1403,INR,9,1276.73,4.5,4883,21973.5,In Stock,2025-11-26,H&M H&M Sweatshirt is a premium sweatshirt designed for performance and comfort.
P101359,Fossil Watch,Fossil,Accessories,Watch,1021,INR,65,357.35,3.8,1172,4453.6,In Stock,2025-08-31,Fossil Fossil Watch is a premium watch designed for performance and comfort.
P101360,Adidas Ultraboost,Adidas,Footwear,Running Shoes,3126,INR,33,2094.42,4.1,4927,20200.7,Out of Stock,2026-01-28,Adidas Adidas Ultraboost is a premium running shoes designed for performance and comfort.
P101361,Nike T-shirt,Nike,Fashion,T-shirt,1830,INR,58,768.6,4.5,1643,7393.5,Limited Stock,2025-03-27,Nike Nike T-shirt is a premium t-shirt designed for performance and comfort.
P101362,American Tourister Bag,American Tourister,Accessories,Travel Bag,385,INR,5,365.75,3.4,4435,15079.0,In Stock,2024-09-13,American Tourister American Tourister Bag is a premium travel bag designed for performance and comfort.
P101363,Fossil Watch,Fossil,Accessories,Watch,355,INR,58,149.1,4.8,2063,9902.4,In Stock,2025-01-08,Fossil Fossil Watch is a premium watch designed for performance and comfort.
P101364,H&M Sweatshirt,H&M,Fashion,Sweatshirt,4441,INR,56,1954.04,3.9,4574,17838.6,Out of Stock,2024-11-17,H&M H&M Sweatshirt is a premium sweatshirt designed for performance and comfort.
P101365,OnePlus 11,OnePlus,Electronics,Smartphone,35426,INR,49,18067.26,4.1,1536,6297.6,In Stock,2026-02-06,OnePlus OnePlus 11 is a premium smartphone designed for performance and comfort.
P101366,Wildcraft Backpack,Wildcraft,Accessories,Backpack,4267,INR,10,3840.3,4.4,680,2992.0,Out of Stock,2024-06-16,Wildcraft Wildcraft Backpack is a premium backpack designed for performance and comfort.
P101367,Boat Earbuds,Boat,Electronics,Earbuds,73928,INR,61,28831.92,4.4,1474,6485.6,In Stock,2025-07-30,Boat Boat Earbuds is a premium earbuds designed for performance and comfort.
P101368,Fossil Watch,Fossil,Accessories,Watch,2918,INR,65,1021.3,3.3,1743,5751.9,Out of Stock,2025-03-01,Fossil Fossil Watch is a premium watch designed for performance and comfort.
P101369,Fossil Watch,Fossil,Accessories,Watch,1487,INR,46,802.98,3.2,3362,10758.4,Out of Stock,2024-12-31,Fossil Fossil Watch is a premium watch designed for performance and comfort.
P101370,Reebok Shoes,Reebok,Footwear,Training Shoes,2928,INR,11,2605.92,4.2,1755,7371.0,Out of Stock,2025-10-01,Reebok Reebok Shoes is a premium training shoes designed for performance and comfort.
P101371,Adidas Ultraboost,Adidas,Footwear,Running Shoes,4609,INR,37,2903.67,4.3,4928,21190.4,Out of Stock,2025-12-30,Adidas Adidas Ultraboost is a premium running shoes designed for performance and comfort.
P101372,Fossil Watch,Fossil,Accessories,Watch,1533,INR,45,843.15,3.6,4335,15606.0,In Stock,2024-09-29,Fossil Fossil Watch is a premium watch designed for performance and comfort.
P101373,HP Pavilion,HP,Electronics,Laptop,12648,INR,28,9106.56,4.6,2099,9655.4,Out of Stock,2026-03-30,HP HP Pavilion is a premium laptop designed for performance and comfort.
P101374,Puma Sneakers,Puma,Footwear,Sneakers,7466,INR,23,5748.82,4.9,3118,15278.2,In Stock,2025-12-10,Puma Puma Sneakers is a premium sneakers designed for performance and comfort.
P101375,iPhone 13,Apple,Electronics,Smartphone,65430,INR,46,35332.2,3.5,2710,9485.0,In Stock,2025-03-31,Apple iPhone 13 is a premium smartphone designed for performance and comfort.
P101376,American Tourister Bag,American Tourister,Accessories,Travel Bag,3453,INR,16,2900.52,4.3,2618,11257.4,Limited Stock,2026-04-28,American Tourister American Tourister Bag is a premium travel bag designed for performance and comfort.
P101377,Adidas Ultraboost,Adidas,Footwear,Running Shoes,9863,INR,21,7791.77,3.7,399,1476.3,In Stock,2025-06-06,Adidas Adidas Ultraboost is a premium running shoes designed for performance and comfort.
P101378,Fossil Watch,Fossil,Accessories,Watch,1266,INR,12,1114.08,3.4,2630,8942.0,Out of Stock,2025-05-12,Fossil Fossil Watch is a premium watch designed for performance and comfort.
P101379,American Tourister Bag,American Tourister,Accessories,Travel Bag,6760,INR,50,3380.0,3.8,1328,5046.4,Out of Stock,2024-06-22,American Tourister American Tourister Bag is a premium travel bag designed for performance and comfort.
P101380,American Tourister Bag,American Tourister,Accessories,Travel Bag,2823,INR,33,1891.41,4.3,4307,18520.1,Out of Stock,2025-05-23,American Tourister American Tourister Bag is a premium travel bag designed for performance and comfort.
P101381,Puma Sneakers,Puma,Footwear,Sneakers,4728,INR,64,1702.08,5.0,3766,18830.0,Limited Stock,2025-08-08,Puma Puma Sneakers is a premium sneakers designed for performance and comfort.
P101382,Sony Headphones,Sony,Electronics,Headphones,28345,INR,67,9353.85,4.7,1406,6608.2,Out of Stock,2024-05-20,Sony Sony Headphones is a premium headphones designed for performance and comfort.
P101383,Adidas Ultraboost,Adidas,Footwear,Running Shoes,6270,INR,11,5580.3,3.7,1284,4750.8,Out of Stock,2025-03-22,Adidas Adidas Ultraboost is a premium running shoes designed for performance and comfort.
P101384,Reebok Shoes,Reebok,Footwear,Training Shoes,9180,INR,24,6976.8,3.8,864,3283.2,In Stock,2024-07-01,Reebok Reebok Shoes is a premium training shoes designed for performance and comfort.
P101385,OnePlus 11,OnePlus,Electronics,Smartphone,48125,INR,68,15400.0,4.9,4878,23902.2,Out of Stock,2025-11-12,OnePlus OnePlus 11 is a premium smartphone designed for performance and comfort.
P101386,Wildcraft Backpack,Wildcraft,Accessories,Backpack,1959,INR,21,1547.61,4.2,2966,12457.2,In Stock,2025-07-27,Wildcraft Wildcraft Backpack is a premium backpack designed for performance and comfort.
P101387,Levi's Jeans,Levi's,Fashion,Jeans,3293,INR,24,2502.68,3.7,3267,12087.9,Out of Stock,2024-10-29,Levi's Levi's Jeans is a premium jeans designed for performance and comfort.
P101388,Reebok Shoes,Reebok,Footwear,Training Shoes,4759,INR,36,3045.76,3.8,792,3009.6,In Stock,2026-03-25,Reebok Reebok Shoes is a premium training shoes designed for performance and comfort.
P101389,Adidas Ultraboost,Adidas,Footwear,Running Shoes,7244,INR,18,5940.08,3.6,1341,4827.6,In Stock,2025-09-07,Adidas Adidas Ultraboost is a premium running shoes designed for performance and comfort.
P101390,Boat Earbuds,Boat,Electronics,Earbuds,18475,INR,14,15888.5,4.7,43,202.1,Out of Stock,2024-05-18,Boat Boat Earbuds is a premium earbuds designed for performance and comfort.
P101391,HP Pavilion,HP,Electronics,Laptop,13096,INR,30,9167.2,3.2,3727,11926.4,In Stock,2025-09-22,HP HP Pavilion is a premium laptop designed for performance and comfort.
P101392,Wildcraft Backpack,Wildcraft,Accessories,Backpack,711,INR,28,511.92,4.0,1939,7756.0,In Stock,2024-11-04,Wildcraft Wildcraft Backpack is a premium backpack designed for performance and comfort.
P101393,Puma Sneakers,Puma,Footwear,Sneakers,5427,INR,24,4124.52,3.5,1144,4004.0,Limited Stock,2026-03-11,Puma Puma Sneakers is a premium sneakers designed for performance and comfort.
P101394,Sony Headphones,Sony,Electronics,Headphones,16166,INR,60,6466.4,3.9,3866,15077.4,Out of Stock,2024-10-11,Sony Sony Headphones is a premium headphones designed for performance and comfort.
P101395,OnePlus 11,OnePlus,Electronics,Smartphone,61390,INR,37,38675.7,4.0,556,2224.0,In Stock,2026-02-22,OnePlus OnePlus 11 is a premium smartphone designed for performance and comfort.
P101396,Levi's Jeans,Levi's,Fashion,Jeans,953,INR,8,876.76,3.5,3837,13429.5,Out of Stock,2025-11-09,Levi's Levi's Jeans is a premium jeans designed for performance and comfort.
P101397,RayBan Sunglasses,RayBan,Accessories,Sunglasses,6231,INR,66,2118.54,3.9,969,3779.1,Limited Stock,2025-02-21,RayBan RayBan Sunglasses is a premium sunglasses designed for performance and comfort.
P101398,H&M Sweatshirt,H&M,Fashion,Sweatshirt,4968,INR,47,2633.04,4.9,2753,13489.7,Limited Stock,2024-06-10,H&M H&M Sweatshirt is a premium sweatshirt designed for performance and comfort.
P101399,RayBan Sunglasses,RayBan,Accessories,Sunglasses,619,INR,36,396.16,3.7,2658,9834.6,Out of Stock,2026-03-24,RayBan RayBan Sunglasses is a premium sunglasses designed for performance and comfort.
P101400,H&M Sweatshirt,H&M,Fashion,Sweatshirt,831,INR,14,714.66,3.4,1709,5810.6,Out of Stock,2026-03-24,H&M H&M Sweatshirt is a premium sweatshirt designed for performance and comfort.
P101401,Boat Earbuds,Boat,Electronics,Earbuds,31076,INR,24,23617.76,3.6,835,3006.0,Limited Stock,2026-01-27,Boat Boat Earbuds is a premium earbuds designed for performance and comfort.
P101402,Zara Shirt,Zara,Fashion,Shirt,4172,INR,44,2336.32,4.6,2670,12282.0,Out of Stock,2025-01-03,Zara Zara Shirt is a premium shirt designed for performance and comfort.
P101403,Adidas Hoodie,Adidas,Fashion,Hoodie,2989,INR,16,2510.76,4.9,1741,8530.9,In Stock,2024-06-24,Adidas Adidas Hoodie is a premium hoodie designed for performance and comfort.
P101404,Adidas Hoodie,Adidas,Fashion,Hoodie,3763,INR,5,3574.85,4.2,2804,11776.8,In Stock,2025-05-24,Adidas Adidas Hoodie is a premium hoodie designed for performance and comfort.
P101405,H&M Sweatshirt,H&M,Fashion,Sweatshirt,4449,INR,46,2402.46,4.3,465,1999.5,In Stock,2026-03-27,H&M H&M Sweatshirt is a premium sweatshirt designed for performance and comfort.
P101406,Puma Sneakers,Puma,Footwear,Sneakers,8117,INR,67,2678.61,3.9,1642,6403.8,Out of Stock,2024-09-06,Puma Puma Sneakers is a premium sneakers designed for performance and comfort.
P101407,Puma Sneakers,Puma,Footwear,Sneakers,5433,INR,20,4346.4,3.4,1982,6738.8,In Stock,2024-08-26,Puma Puma Sneakers is a premium sneakers designed for performance and comfort.
P101408,OnePlus 11,OnePlus,Electronics,Smartphone,77233,INR,8,71054.36,4.8,4913,23582.4,Out of Stock,2025-09-05,OnePlus OnePlus 11 is a premium smartphone designed for performance and comfort.
P101409,RayBan Sunglasses,RayBan,Accessories,Sunglasses,6955,INR,38,4312.1,3.8,4732,17981.6,Limited Stock,2025-02-18,RayBan RayBan Sunglasses is a premium sunglasses designed for performance and comfort.
P101410,Nike Air Max,Nike,Footwear,Sneakers,7608,INR,47,4032.24,3.2,1730,5536.0,Out of Stock,2024-08-05,Nike Nike Air Max is a premium sneakers designed for performance and comfort.
P101411,Samsung Galaxy S21,Samsung,Electronics,Smartphone,57263,INR,24,43519.88,4.4,4539,19971.6,Limited Stock,2026-01-07,Samsung Samsung Galaxy S21 is a premium smartphone designed for performance and comfort.
P101412,Boat Earbuds,Boat,Electronics,Earbuds,22307,INR,31,15391.83,3.5,2146,7511.0,In Stock,2024-12-10,Boat Boat Earbuds is a premium earbuds designed for performance and comfort.
P101413,Reebok Shoes,Reebok,Footwear,Training Shoes,5082,INR,70,1524.6,4.3,1635,7030.5,In Stock,2024-06-06,Reebok Reebok Shoes is a premium training shoes designed for performance and comfort.
P101414,RayBan Sunglasses,RayBan,Accessories,Sunglasses,4104,INR,65,1436.4,4.3,3910,16813.0,In Stock,2025-05-24,RayBan RayBan Sunglasses is a premium sunglasses designed for performance and comfort.
P101415,RayBan Sunglasses,RayBan,Accessories,Sunglasses,970,INR,43,552.9,4.5,349,1570.5,Out of Stock,2025-11-12,RayBan RayBan Sunglasses is a premium sunglasses designed for performance and comfort.
P101416,Adidas Hoodie,Adidas,Fashion,Hoodie,3171,INR,61,1236.69,4.9,4136,20266.4,In Stock,2025-05-28,Adidas Adidas Hoodie is a premium hoodie designed for performance and comfort.
P101417,Reebok Shoes,Reebok,Footwear,Training Shoes,7602,INR,31,5245.38,4.1,3852,15793.2,Out of Stock,2026-03-28,Reebok Reebok Shoes is a premium training shoes designed for performance and comfort.
P101418,Puma Jacket,Puma,Fashion,Jacket,4991,INR,46,2695.14,3.3,3154,10408.2,Limited Stock,2025-03-27,Puma Puma Jacket is a premium jacket designed for performance and comfort.
P101419,Puma Jacket,Puma,Fashion,Jacket,741,INR,23,570.57,3.4,4694,15959.6,Out of Stock,2025-11-17,Puma Puma Jacket is a premium jacket designed for performance and comfort.
P101420,Fossil Watch,Fossil,Accessories,Watch,5968,INR,13,5192.16,3.3,306,1009.8,Limited Stock,2026-01-31,Fossil Fossil Watch is a premium watch designed for performance and comfort.
P101421,Adidas Hoodie,Adidas,Fashion,Hoodie,3124,INR,24,2374.24,3.5,4757,16649.5,Out of Stock,2025-02-14,Adidas Adidas Hoodie is a premium hoodie designed for performance and comfort.
P101422,Samsung Galaxy S21,Samsung,Electronics,Smartphone,16076,INR,56,7073.44,4.2,654,2746.8,Out of Stock,2024-08-18,Samsung Samsung Galaxy S21 is a premium smartphone designed for performance and comfort.
P101423,Nike T-shirt,Nike,Fashion,T-shirt,4746,INR,25,3559.5,4.2,4122,17312.4,In Stock,2025-07-01,Nike Nike T-shirt is a premium t-shirt designed for performance and comfort.
P101424,HP Pavilion,HP,Electronics,Laptop,79814,INR,70,23944.2,4.3,3962,17036.6,In Stock,2026-04-15,HP HP Pavilion is a premium laptop designed for performance and comfort.
P101425,Nike Air Max,Nike,Footwear,Sneakers,4906,INR,29,3483.26,3.8,4338,16484.4,In Stock,2026-01-20,Nike Nike Air Max is a premium sneakers designed for performance and comfort.
P101426,American Tourister Bag,American Tourister,Accessories,Travel Bag,6275,INR,65,2196.25,3.6,430,1548.0,Out of Stock,2025-08-19,American Tourister American Tourister Bag is a premium travel bag designed for performance and comfort.
P101427,Wildcraft Backpack,Wildcraft,Accessories,Backpack,4026,INR,65,1409.1,4.8,2073,9950.4,In Stock,2025-09-15,Wildcraft Wildcraft Backpack is a premium backpack designed for performance and comfort.
P101428,Nike T-shirt,Nike,Fashion,T-shirt,3528,INR,33,2363.76,3.8,1021,3879.8,Limited Stock,2025-06-07,Nike Nike T-shirt is a premium t-shirt designed for performance and comfort.
P101429,Fossil Watch,Fossil,Accessories,Watch,6774,INR,45,3725.7,4.2,3226,13549.2,In Stock,2024-10-26,Fossil Fossil Watch is a premium watch designed for performance and comfort.
P101430,Sony Headphones,Sony,Electronics,Headphones,52878,INR,66,17978.52,4.5,3360,15120.0,Out of Stock,2026-01-22,Sony Sony Headphones is a premium headphones designed for performance and comfort.
P101431,Nike Air Max,Nike,Footwear,Sneakers,5379,INR,44,3012.24,4.4,2744,12073.6,Out of Stock,2024-08-19,Nike Nike Air Max is a premium sneakers designed for performance and comfort.
P101432,Reebok Shoes,Reebok,Footwear,Training Shoes,5603,INR,54,2577.38,4.8,2865,13752.0,In Stock,2026-03-05,Reebok Reebok Shoes is a premium training shoes designed for performance and comfort.
P101433,H&M Sweatshirt,H&M,Fashion,Sweatshirt,3669,INR,52,1761.12,4.1,3614,14817.4,In Stock,2026-02-15,H&M H&M Sweatshirt is a premium sweatshirt designed for performance and comfort.
P101434,Samsung Galaxy S21,Samsung,Electronics,Smartphone,70619,INR,23,54376.63,3.6,1005,3618.0,Out of Stock,2025-03-09,Samsung Samsung Galaxy S21 is a premium smartphone designed for performance and comfort.
P101435,Levi's Jeans,Levi's,Fashion,Jeans,690,INR,46,372.6,3.8,1380,5244.0,Out of Stock,2026-02-08,Levi's Levi's Jeans is a premium jeans designed for performance and comfort.
P101436,Puma Sneakers,Puma,Footwear,Sneakers,6761,INR,15,5746.85,4.3,157,675.1,In Stock,2024-11-27,Puma Puma Sneakers is a premium sneakers designed for performance and comfort.
P101437,Nike T-shirt,Nike,Fashion,T-shirt,634,INR,64,228.24,4.1,213,873.3,In Stock,2025-02-03,Nike Nike T-shirt is a premium t-shirt designed for performance and comfort.
P101438,American Tourister Bag,American Tourister,Accessories,Travel Bag,1794,INR,57,771.42,3.6,3660,13176.0,Out of Stock,2026-03-08,American Tourister American Tourister Bag is a premium travel bag designed for performance and comfort.
P101439,HP Pavilion,HP,Electronics,Laptop,57530,INR,24,43722.8,4.6,2661,12240.6,In Stock,2024-08-02,HP HP Pavilion is a premium laptop designed for performance and comfort.
P101440,Zara Shirt,Zara,Fashion,Shirt,3492,INR,51,1711.08,3.9,3262,12721.8,Out of Stock,2025-12-07,Zara Zara Shirt is a premium shirt designed for performance and comfort.
P101441,Fossil Watch,Fossil,Accessories,Watch,5001,INR,18,4100.82,4.8,3124,14995.2,In Stock,2025-08-27,Fossil Fossil Watch is a premium watch designed for performance and comfort.
P101442,Zara Shirt,Zara,Fashion,Shirt,3384,INR,12,2977.92,4.8,313,1502.4,Limited Stock,2025-05-06,Zara Zara Shirt is a premium shirt designed for performance and comfort.
P101443,RayBan Sunglasses,RayBan,Accessories,Sunglasses,5636,INR,20,4508.8,3.6,89,320.4,In Stock,2025-06-18,RayBan RayBan Sunglasses is a premium sunglasses designed for performance and comfort.
P101444,Adidas Ultraboost,Adidas,Footwear,Running Shoes,7141,INR,31,4927.29,4.9,4276,20952.4,Limited Stock,2025-09-06,Adidas Adidas Ultraboost is a premium running shoes designed for performance and comfort.
P101445,iPhone 13,Apple,Electronics,Smartphone,33511,INR,58,14074.62,4.9,1925,9432.5,Limited Stock,2025-10-20,Apple iPhone 13 is a premium smartphone designed for performance and comfort.
P101446,Puma Jacket,Puma,Fashion,Jacket,998,INR,21,788.42,4.0,581,2324.0,Out of Stock,2024-05-18,Puma Puma Jacket is a premium jacket designed for performance and comfort.
P101447,Reebok Shoes,Reebok,Footwear,Training Shoes,2535,INR,35,1647.75,3.4,3258,11077.2,In Stock,2024-08-06,Reebok Reebok Shoes is a premium training shoes designed for performance and comfort.
P101448,Dell Laptop,Dell,Electronics,Laptop,29171,INR,10,26253.9,3.3,4935,16285.5,Limited Stock,2025-07-17,Dell Dell Laptop is a premium laptop designed for performance and comfort.
P101449,Levi's Jeans,Levi's,Fashion,Jeans,3934,INR,18,3225.88,3.9,2371,9246.9,Out of Stock,2025-04-20,Levi's Levi's Jeans is a premium jeans designed for performance and comfort.
P101450,Adidas Ultraboost,Adidas,Footwear,Running Shoes,9487,INR,47,5028.11,4.0,76,304.0,In Stock,2025-02-24,Adidas Adidas Ultraboost is a premium running shoes designed for performance and comfort.
P101451,Puma Sneakers,Puma,Footwear,Sneakers,1899,INR,9,1728.09,4.8,3576,17164.8,Out of Stock,2024-09-02,Puma Puma Sneakers is a premium sneakers designed for performance and comfort.
P101452,Adidas Ultraboost,Adidas,Footwear,Running Shoes,5374,INR,22,4191.72,3.3,1906,6289.8,Limited Stock,2025-02-22,Adidas Adidas Ultraboost is a premium running shoes designed for performance and comfort.
P101453,Boat Earbuds,Boat,Electronics,Earbuds,30546,INR,64,10996.56,4.2,4055,17031.0,Out of Stock,2024-12-19,Boat Boat Earbuds is a premium earbuds designed for performance and comfort.
P101454,American Tourister Bag,American Tourister,Accessories,Travel Bag,6314,INR,46,3409.56,4.7,1393,6547.1,In Stock,2024-06-24,American Tourister American Tourister Bag is a premium travel bag designed for performance and comfort.
P101455,Levi's Jeans,Levi's,Fashion,Jeans,3018,INR,27,2203.14,4.9,3054,14964.6,Limited Stock,2026-02-12,Levi's Levi's Jeans is a premium jeans designed for performance and comfort.
P101456,RayBan Sunglasses,RayBan,Accessories,Sunglasses,3881,INR,47,2056.93,5.0,3044,15220.0,Out of Stock,2024-07-29,RayBan RayBan Sunglasses is a premium sunglasses designed for performance and comfort.
P101457,H&M Sweatshirt,H&M,Fashion,Sweatshirt,2717,INR,47,1440.01,4.1,1368,5608.8,Out of Stock,2024-05-31,H&M H&M Sweatshirt is a premium sweatshirt designed for performance and comfort.
P101458,Nike T-shirt,Nike,Fashion,T-shirt,1724,INR,16,1448.16,4.6,1017,4678.2,In Stock,2025-02-28,Nike Nike T-shirt is a premium t-shirt designed for performance and comfort.
P101459,Dell Laptop,Dell,Electronics,Laptop,73269,INR,64,26376.84,4.5,299,1345.5,Limited Stock,2024-05-13,Dell Dell Laptop is a premium laptop designed for performance and comfort.
P101460,iPhone 13,Apple,Electronics,Smartphone,13283,INR,70,3984.9,4.3,2871,12345.3,Out of Stock,2025-08-14,Apple iPhone 13 is a premium smartphone designed for performance and comfort.
P101461,Reebok Shoes,Reebok,Footwear,Training Shoes,5434,INR,61,2119.26,3.4,3202,10886.8,Limited Stock,2025-02-08,Reebok Reebok Shoes is a premium training shoes designed for performance and comfort.
P101462,iPhone 13,Apple,Electronics,Smartphone,46555,INR,66,15828.7,3.3,4173,13770.9,Out of Stock,2025-01-07,Apple iPhone 13 is a premium smartphone designed for performance and comfort.
P101463,Boat Earbuds,Boat,Electronics,Earbuds,27075,INR,46,14620.5,4.9,600,2940.0,Out of Stock,2024-10-25,Boat Boat Earbuds is a premium earbuds designed for performance and comfort.
P101464,Fossil Watch,Fossil,Accessories,Watch,4793,INR,60,1917.2,3.6,1315,4734.0,In Stock,2024-06-14,Fossil Fossil Watch is a premium watch designed for performance and comfort.
P101465,Levi's Jeans,Levi's,Fashion,Jeans,1748,INR,64,629.28,3.5,3516,12306.0,Limited Stock,2025-05-04,Levi's Levi's Jeans is a premium jeans designed for performance and comfort.
P101466,Puma Sneakers,Puma,Footwear,Sneakers,4060,INR,7,3775.8,4.0,1903,7612.0,In Stock,2026-02-13,Puma Puma Sneakers is a premium sneakers designed for performance and comfort.
P101467,Puma Sneakers,Puma,Footwear,Sneakers,2486,INR,25,1864.5,4.7,3096,14551.2,Limited Stock,2025-07-20,Puma Puma Sneakers is a premium sneakers designed for performance and comfort.
P101468,American Tourister Bag,American Tourister,Accessories,Travel Bag,1234,INR,13,1073.58,4.6,2906,13367.6,Limited Stock,2025-05-17,American Tourister American Tourister Bag is a premium travel bag designed for performance and comfort.
P101469,HP Pavilion,HP,Electronics,Laptop,24627,INR,14,21179.22,4.4,2402,10568.8,Out of Stock,2024-07-21,HP HP Pavilion is a premium laptop designed for performance and comfort.
P101470,Adidas Hoodie,Adidas,Fashion,Hoodie,1571,INR,51,769.79,4.6,2195,10097.0,Out of Stock,2025-07-04,Adidas Adidas Hoodie is a premium hoodie designed for performance and comfort.
P101471,RayBan Sunglasses,RayBan,Accessories,Sunglasses,5238,INR,9,4766.58,4.4,997,4386.8,Limited Stock,2026-01-30,RayBan RayBan Sunglasses is a premium sunglasses designed for performance and comfort.
P101472,OnePlus 11,OnePlus,Electronics,Smartphone,45473,INR,53,21372.31,4.3,4704,20227.2,Out of Stock,2026-01-15,OnePlus OnePlus 11 is a premium smartphone designed for performance and comfort.
P101473,Adidas Ultraboost,Adidas,Footwear,Running Shoes,6926,INR,40,4155.6,4.6,3014,13864.4,Out of Stock,2026-01-16,Adidas Adidas Ultraboost is a premium running shoes designed for performance and comfort.
P101474,Levi's Jeans,Levi's,Fashion,Jeans,1702,INR,35,1106.3,4.3,3171,13635.3,In Stock,2024-06-02,Levi's Levi's Jeans is a premium jeans designed for performance and comfort.
P101475,iPhone 13,Apple,Electronics,Smartphone,14240,INR,62,5411.2,4.5,1590,7155.0,Out of Stock,2024-11-09,Apple iPhone 13 is a premium smartphone designed for performance and comfort.
P101476,Puma Jacket,Puma,Fashion,Jacket,3618,INR,62,1374.84,4.0,1251,5004.0,In Stock,2024-06-22,Puma Puma Jacket is a premium jacket designed for performance and comfort.
P101477,American Tourister Bag,American Tourister,Accessories,Travel Bag,2899,INR,34,1913.34,3.9,2876,11216.4,In Stock,2025-01-07,American Tourister American Tourister Bag is a premium travel bag designed for performance and comfort.
P101478,Nike Air Max,Nike,Footwear,Sneakers,5273,INR,62,2003.74,3.3,787,2597.1,In Stock,2024-11-20,Nike Nike Air Max is a premium sneakers designed for performance and comfort.
P101479,American Tourister Bag,American Tourister,Accessories,Travel Bag,5160,INR,30,3612.0,4.6,1889,8689.4,Out of Stock,2026-03-14,American Tourister American Tourister Bag is a premium travel bag designed for performance and comfort.
P101480,Zara Shirt,Zara,Fashion,Shirt,4943,INR,45,2718.65,4.1,4910,20131.0,Out of Stock,2024-11-04,Zara Zara Shirt is a premium shirt designed for performance and comfort.
P101481,Wildcraft Backpack,Wildcraft,Accessories,Backpack,2416,INR,13,2101.92,3.9,1341,5229.9,In Stock,2025-07-04,Wildcraft Wildcraft Backpack is a premium backpack designed for performance and comfort.
P101482,Zara Shirt,Zara,Fashion,Shirt,2776,INR,22,2165.28,4.1,2184,8954.4,In Stock,2026-04-11,Zara Zara Shirt is a premium shirt designed for performance and comfort.
P101483,Wildcraft Backpack,Wildcraft,Accessories,Backpack,6725,INR,70,2017.5,3.5,794,2779.0,In Stock,2026-04-06,Wildcraft Wildcraft Backpack is a premium backpack designed for performance and comfort.
P101484,HP Pavilion,HP,Electronics,Laptop,52434,INR,5,49812.3,4.0,3110,12440.0,In Stock,2026-01-28,HP HP Pavilion is a premium laptop designed for performance and comfort.
P101485,Nike T-shirt,Nike,Fashion,T-shirt,1409,INR,20,1127.2,4.2,4416,18547.2,Limited Stock,2025-11-12,Nike Nike T-shirt is a premium t-shirt designed for performance and comfort.
P101486,Zara Shirt,Zara,Fashion,Shirt,4505,INR,10,4054.5,3.6,4646,16725.6,Out of Stock,2026-01-01,Zara Zara Shirt is a premium shirt designed for performance and comfort.
P101487,Boat Earbuds,Boat,Electronics,Earbuds,30154,INR,65,10553.9,3.8,4345,16511.0,In Stock,2025-08-11,Boat Boat Earbuds is a premium earbuds designed for performance and comfort.
P101488,H&M Sweatshirt,H&M,Fashion,Sweatshirt,3533,INR,67,1165.89,4.1,917,3759.7,In Stock,2025-01-14,H&M H&M Sweatshirt is a premium sweatshirt designed for performance and comfort.
P101489,Boat Earbuds,Boat,Electronics,Earbuds,75153,INR,69,23297.43,4.5,4874,21933.0,In Stock,2025-01-14,Boat Boat Earbuds is a premium earbuds designed for performance and comfort.
P101490,Adidas Ultraboost,Adidas,Footwear,Running Shoes,9230,INR,68,2953.6,4.2,1075,4515.0,Limited Stock,2025-06-23,Adidas Adidas Ultraboost is a premium running shoes designed for performance and comfort.
P101491,OnePlus 11,OnePlus,Electronics,Smartphone,23778,INR,49,12126.78,4.6,3631,16702.6,Limited Stock,2024-06-29,OnePlus OnePlus 11 is a premium smartphone designed for performance and comfort.
P101492,H&M Sweatshirt,H&M,Fashion,Sweatshirt,4381,INR,33,2935.27,5.0,4302,21510.0,Limited Stock,2025-03-23,H&M H&M Sweatshirt is a premium sweatshirt designed for performance and comfort.
P101493,Nike Air Max,Nike,Footwear,Sneakers,6563,INR,45,3609.65,4.9,4622,22647.8,In Stock,2025-06-14,Nike Nike Air Max is a premium sneakers designed for performance and comfort.
P101494,Dell Laptop,Dell,Electronics,Laptop,23619,INR,20,18895.2,4.0,4892,19568.0,Limited Stock,2026-02-06,Dell Dell Laptop is a premium laptop designed for performance and comfort.
P101495,Nike Air Max,Nike,Footwear,Sneakers,7584,INR,32,5157.12,4.5,1558,7011.0,Limited Stock,2025-09-21,Nike Nike Air Max is a premium sneakers designed for performance and comfort.
P101496,H&M Sweatshirt,H&M,Fashion,Sweatshirt,1434,INR,69,444.54,4.3,4582,19702.6,Out of Stock,2025-10-01,H&M H&M Sweatshirt is a premium sweatshirt designed for performance and comfort.
P101497,iPhone 13,Apple,Electronics,Smartphone,20876,INR,34,13778.16,4.7,2093,9837.1,In Stock,2026-03-01,Apple iPhone 13 is a premium smartphone designed for performance and comfort.
P101498,Nike Air Max,Nike,Footwear,Sneakers,8031,INR,64,2891.16,4.1,1711,7015.1,Limited Stock,2024-06-01,Nike Nike Air Max is a premium sneakers designed for performance and comfort.
P101499,Puma Sneakers,Puma,Footwear,Sneakers,1885,INR,6,1771.9,4.0,4472,17888.0,Limited Stock,2024-07-14,Puma Puma Sneakers is a premium sneakers designed for performance and comfort.
P101500,Samsung Galaxy S21,Samsung,Electronics,Smartphone,44754,INR,38,27747.48,4.2,1266,5317.2,Limited Stock,2024-06-09,Samsung Samsung Galaxy S21 is a premium smartphone designed for performance and comfort.
P101501,iPhone 13,Apple,Electronics,Smartphone,50597,INR,21,39971.63,3.9,3347,13053.3,Out of Stock,2026-02-12,Apple iPhone 13 is a premium smartphone designed for performance and comfort.
P101502,Nike T-shirt,Nike,Fashion,T-shirt,4784,INR,23,3683.68,3.5,997,3489.5,Limited Stock,2025-07-22,Nike Nike T-shirt is a premium t-shirt designed for performance and comfort.
P101503,Samsung Galaxy S21,Samsung,Electronics,Smartphone,67329,INR,31,46457.01,3.7,2512,9294.4,Out of Stock,2026-02-25,Samsung Samsung Galaxy S21 is a premium smartphone designed for performance and comfort.
P101504,Fossil Watch,Fossil,Accessories,Watch,4922,INR,12,4331.36,4.9,2760,13524.0,Out of Stock,2025-06-17,Fossil Fossil Watch is a premium watch designed for performance and comfort.
P101505,Nike Air Max,Nike,Footwear,Sneakers,4673,INR,63,1729.01,5.0,4832,24160.0,Limited Stock,2025-12-21,Nike Nike Air Max is a premium sneakers designed for performance and comfort.
P101506,Levi's Jeans,Levi's,Fashion,Jeans,1039,INR,20,831.2,4.2,2567,10781.4,Limited Stock,2026-02-20,Levi's Levi's Jeans is a premium jeans designed for performance and comfort.
P101507,Wildcraft Backpack,Wildcraft,Accessories,Backpack,6056,INR,37,3815.28,4.3,253,1087.9,Out of Stock,2024-08-16,Wildcraft Wildcraft Backpack is a premium backpack designed for performance and comfort.
P101508,Wildcraft Backpack,Wildcraft,Accessories,Backpack,1401,INR,15,1190.85,4.1,345,1414.5,In Stock,2024-06-16,Wildcraft Wildcraft Backpack is a premium backpack designed for performance and comfort.
P101509,Samsung Galaxy S21,Samsung,Electronics,Smartphone,10660,INR,65,3731.0,4.7,888,4173.6,Limited Stock,2024-07-28,Samsung Samsung Galaxy S21 is a premium smartphone designed for performance and comfort.
P101510,Reebok Shoes,Reebok,Footwear,Training Shoes,1236,INR,63,457.32,4.9,2006,9829.4,Limited Stock,2026-04-13,Reebok Reebok Shoes is a premium training shoes designed for performance and comfort.
P101511,RayBan Sunglasses,RayBan,Accessories,Sunglasses,4311,INR,18,3535.02,4.8,3127,15009.6,Out of Stock,2025-09-16,RayBan RayBan Sunglasses is a premium sunglasses designed for performance and comfort.
P101512,Puma Sneakers,Puma,Footwear,Sneakers,7411,INR,56,3260.84,3.4,1854,6303.6,In Stock,2024-06-24,Puma Puma Sneakers is a premium sneakers designed for performance and comfort.
P101513,Nike Air Max,Nike,Footwear,Sneakers,3974,INR,14,3417.64,3.3,2590,8547.0,In Stock,2026-01-18,Nike Nike Air Max is a premium sneakers designed for performance and comfort.
P101514,RayBan Sunglasses,RayBan,Accessories,Sunglasses,6254,INR,12,5503.52,5.0,3051,15255.0,Out of Stock,2024-12-24,RayBan RayBan Sunglasses is a premium sunglasses designed for performance and comfort.
P101515,Boat Earbuds,Boat,Electronics,Earbuds,27374,INR,50,13687.0,4.8,4736,22732.8,Limited Stock,2024-11-06,Boat Boat Earbuds is a premium earbuds designed for performance and comfort.
P101516,iPhone 13,Apple,Electronics,Smartphone,66383,INR,53,31200.01,3.3,1878,6197.4,Out of Stock,2024-12-05,Apple iPhone 13 is a premium smartphone designed for performance and comfort.
P101517,Dell Laptop,Dell,Electronics,Laptop,58123,INR,61,22667.97,3.9,4098,15982.2,Limited Stock,2024-10-19,Dell Dell Laptop is a premium laptop designed for performance and comfort.
P101518,Puma Sneakers,Puma,Footwear,Sneakers,2215,INR,62,841.7,4.3,3704,15927.2,In Stock,2024-08-21,Puma Puma Sneakers is a premium sneakers designed for performance and comfort.
P101519,Puma Sneakers,Puma,Footwear,Sneakers,8435,INR,29,5988.85,3.7,424,1568.8,Limited Stock,2024-08-18,Puma Puma Sneakers is a premium sneakers designed for performance and comfort.
P101520,Boat Earbuds,Boat,Electronics,Earbuds,47551,INR,62,18069.38,3.5,476,1666.0,In Stock,2024-08-28,Boat Boat Earbuds is a premium earbuds designed for performance and comfort.
P101521,Puma Sneakers,Puma,Footwear,Sneakers,2195,INR,41,1295.05,3.6,1231,4431.6,Out of Stock,2024-08-27,Puma Puma Sneakers is a premium sneakers designed for performance and comfort.
P101522,Puma Jacket,Puma,Fashion,Jacket,4857,INR,16,4079.88,3.3,1545,5098.5,In Stock,2025-07-29,Puma Puma Jacket is a premium jacket designed for performance and comfort.
P101523,H&M Sweatshirt,H&M,Fashion,Sweatshirt,1010,INR,64,363.6,3.7,4916,18189.2,Limited Stock,2024-12-08,H&M H&M Sweatshirt is a premium sweatshirt designed for performance and comfort.
P101524,Dell Laptop,Dell,Electronics,Laptop,56289,INR,31,38839.41,4.2,1831,7690.2,In Stock,2025-01-25,Dell Dell Laptop is a premium laptop designed for performance and comfort.
P101525,Adidas Ultraboost,Adidas,Footwear,Running Shoes,7029,INR,41,4147.11,3.2,2961,9475.2,In Stock,2026-04-24,Adidas Adidas Ultraboost is a premium running shoes designed for performance and comfort.
P101526,Adidas Ultraboost,Adidas,Footwear,Running Shoes,5046,INR,53,2371.62,3.3,2728,9002.4,In Stock,2025-11-23,Adidas Adidas Ultraboost is a premium running shoes designed for performance and comfort.
P101527,Nike Air Max,Nike,Footwear,Sneakers,4486,INR,67,1480.38,3.7,266,984.2,In Stock,2026-02-22,Nike Nike Air Max is a premium sneakers designed for performance and comfort.
P101528,Adidas Hoodie,Adidas,Fashion,Hoodie,1273,INR,46,687.42,3.5,2037,7129.5,Limited Stock,2025-12-25,Adidas Adidas Hoodie is a premium hoodie designed for performance and comfort.
P101529,Nike T-shirt,Nike,Fashion,T-shirt,3374,INR,68,1079.68,3.6,4230,15228.0,In Stock,2026-02-21,Nike Nike T-shirt is a premium t-shirt designed for performance and comfort.
P101530,Zara Shirt,Zara,Fashion,Shirt,3934,INR,42,2281.72,3.6,3085,11106.0,In Stock,2025-04-22,Zara Zara Shirt is a premium shirt designed for performance and comfort.
P101531,Fossil Watch,Fossil,Accessories,Watch,6323,INR,29,4489.33,4.2,1074,4510.8,In Stock,2025-07-28,Fossil Fossil Watch is a premium watch designed for performance and comfort.
P101532,Fossil Watch,Fossil,Accessories,Watch,3384,INR,20,2707.2,4.8,4809,23083.2,In Stock,2024-12-28,Fossil Fossil Watch is a premium watch designed for performance and comfort.
P101533,American Tourister Bag,American Tourister,Accessories,Travel Bag,5849,INR,55,2632.05,4.6,3851,17714.6,Limited Stock,2025-11-03,American Tourister American Tourister Bag is a premium travel bag designed for performance and comfort.
P101534,Wildcraft Backpack,Wildcraft,Accessories,Backpack,5853,INR,62,2224.14,4.5,1827,8221.5,Limited Stock,2025-04-30,Wildcraft Wildcraft Backpack is a premium backpack designed for performance and comfort.
P101535,Adidas Ultraboost,Adidas,Footwear,Running Shoes,5686,INR,24,4321.36,3.3,1294,4270.2,Out of Stock,2025-02-02,Adidas Adidas Ultraboost is a premium running shoes designed for performance and comfort.
P101536,Levi's Jeans,Levi's,Fashion,Jeans,4343,INR,65,1520.05,4.5,1308,5886.0,Limited Stock,2024-11-17,Levi's Levi's Jeans is a premium jeans designed for performance and comfort.
P101537,Reebok Shoes,Reebok,Footwear,Training Shoes,4675,INR,60,1870.0,3.3,3732,12315.6,Out of Stock,2025-12-18,Reebok Reebok Shoes is a premium training shoes designed for performance and comfort.
P101538,Adidas Ultraboost,Adidas,Footwear,Running Shoes,1626,INR,33,1089.42,3.4,453,1540.2,Out of Stock,2025-01-20,Adidas Adidas Ultraboost is a premium running shoes designed for performance and comfort.
P101539,iPhone 13,Apple,Electronics,Smartphone,14025,INR,41,8274.75,4.4,4815,21186.0,Limited Stock,2024-10-25,Apple iPhone 13 is a premium smartphone designed for performance and comfort.
P101540,Dell Laptop,Dell,Electronics,Laptop,63066,INR,47,33424.98,4.4,1165,5126.0,Out of Stock,2025-08-29,Dell Dell Laptop is a premium laptop designed for performance and comfort.
P101541,Levi's Jeans,Levi's,Fashion,Jeans,4193,INR,59,1719.13,4.3,2014,8660.2,Limited Stock,2025-08-08,Levi's Levi's Jeans is a premium jeans designed for performance and comfort.
P101542,Adidas Hoodie,Adidas,Fashion,Hoodie,1746,INR,46,942.84,3.6,3686,13269.6,Limited Stock,2025-02-14,Adidas Adidas Hoodie is a premium hoodie designed for performance and comfort.
P101543,Fossil Watch,Fossil,Accessories,Watch,6272,INR,52,3010.56,3.6,3116,11217.6,Out of Stock,2026-04-29,Fossil Fossil Watch is a premium watch designed for performance and comfort.
P101544,Nike Air Max,Nike,Footwear,Sneakers,2500,INR,27,1825.0,3.3,2255,7441.5,Out of Stock,2026-03-22,Nike Nike Air Max is a premium sneakers designed for performance and comfort.
P101545,HP Pavilion,HP,Electronics,Laptop,10483,INR,62,3983.54,4.6,2479,11403.4,Out of Stock,2024-11-25,HP HP Pavilion is a premium laptop designed for performance and comfort.
P101546,Nike T-shirt,Nike,Fashion,T-shirt,4956,INR,59,2031.96,4.0,3662,14648.0,Out of Stock,2024-08-25,Nike Nike T-shirt is a premium t-shirt designed for performance and comfort.
P101547,H&M Sweatshirt,H&M,Fashion,Sweatshirt,1014,INR,26,750.36,4.1,4525,18552.5,Limited Stock,2024-07-23,H&M H&M Sweatshirt is a premium sweatshirt designed for performance and comfort.
P101548,American Tourister Bag,American Tourister,Accessories,Travel Bag,5041,INR,32,3427.88,3.7,3036,11233.2,Limited Stock,2025-11-12,American Tourister American Tourister Bag is a premium travel bag designed for performance and comfort.
P101549,Nike Air Max,Nike,Footwear,Sneakers,2110,INR,51,1033.9,3.4,1980,6732.0,Limited Stock,2025-07-24,Nike Nike Air Max is a premium sneakers designed for performance and comfort.
P101550,Nike T-shirt,Nike,Fashion,T-shirt,3041,INR,45,1672.55,3.7,3677,13604.9,In Stock,2024-09-10,Nike Nike T-shirt is a premium t-shirt designed for performance and comfort.
P101551,Puma Jacket,Puma,Fashion,Jacket,4140,INR,44,2318.4,3.3,4212,13899.6,Limited Stock,2025-05-30,Puma Puma Jacket is a premium jacket designed for performance and comfort.
P101552,American Tourister Bag,American Tourister,Accessories,Travel Bag,5510,INR,44,3085.6,4.4,4142,18224.8,In Stock,2024-12-05,American Tourister American Tourister Bag is a premium travel bag designed for performance and comfort.
P101553,Puma Sneakers,Puma,Footwear,Sneakers,1917,INR,18,1571.94,3.7,2338,8650.6,In Stock,2024-07-16,Puma Puma Sneakers is a premium sneakers designed for performance and comfort.
P101554,Samsung Galaxy S21,Samsung,Electronics,Smartphone,17431,INR,41,10284.29,4.4,1828,8043.2,In Stock,2025-09-25,Samsung Samsung Galaxy S21 is a premium smartphone designed for performance and comfort.
P101555,Puma Jacket,Puma,Fashion,Jacket,1374,INR,9,1250.34,4.8,1907,9153.6,Limited Stock,2024-09-07,Puma Puma Jacket is a premium jacket designed for performance and comfort.
P101556,Adidas Hoodie,Adidas,Fashion,Hoodie,1308,INR,11,1164.12,4.4,3460,15224.0,Out of Stock,2024-09-19,Adidas Adidas Hoodie is a premium hoodie designed for performance and comfort.
P101557,Nike T-shirt,Nike,Fashion,T-shirt,2005,INR,9,1824.55,3.4,98,333.2,Out of Stock,2025-04-18,Nike Nike T-shirt is a premium t-shirt designed for performance and comfort.
P101558,Adidas Hoodie,Adidas,Fashion,Hoodie,3654,INR,66,1242.36,3.4,1112,3780.8,Out of Stock,2025-02-01,Adidas Adidas Hoodie is a premium hoodie designed for performance and comfort.
P101559,OnePlus 11,OnePlus,Electronics,Smartphone,47142,INR,35,30642.3,4.6,816,3753.6,Out of Stock,2026-04-12,OnePlus OnePlus 11 is a premium smartphone designed for performance and comfort.
P101560,Sony Headphones,Sony,Electronics,Headphones,59778,INR,29,42442.38,4.7,4505,21173.5,Out of Stock,2024-08-10,Sony Sony Headphones is a premium headphones designed for performance and comfort.
P101561,Fossil Watch,Fossil,Accessories,Watch,5507,INR,21,4350.53,4.2,3818,16035.6,In Stock,2024-08-05,Fossil Fossil Watch is a premium watch designed for performance and comfort.
P101562,OnePlus 11,OnePlus,Electronics,Smartphone,16696,INR,26,12355.04,4.3,571,2455.3,In Stock,2025-11-11,OnePlus OnePlus 11 is a premium smartphone designed for performance and comfort.
P101563,H&M Sweatshirt,H&M,Fashion,Sweatshirt,769,INR,6,722.86,4.4,4329,19047.6,Limited Stock,2025-06-10,H&M H&M Sweatshirt is a premium sweatshirt designed for performance and comfort.
P101564,HP Pavilion,HP,Electronics,Laptop,45522,INR,29,32320.62,3.3,3685,12160.5,Out of Stock,2024-09-10,HP HP Pavilion is a premium laptop designed for performance and comfort.
P101565,Fossil Watch,Fossil,Accessories,Watch,2654,INR,25,1990.5,3.9,2526,9851.4,Limited Stock,2025-12-11,Fossil Fossil Watch is a premium watch designed for performance and comfort.
P101566,Samsung Galaxy S21,Samsung,Electronics,Smartphone,51692,INR,35,33599.8,5.0,4193,20965.0,In Stock,2024-05-19,Samsung Samsung Galaxy S21 is a premium smartphone designed for performance and comfort.
P101567,iPhone 13,Apple,Electronics,Smartphone,69457,INR,61,27088.23,4.7,4791,22517.7,Limited Stock,2024-09-24,Apple iPhone 13 is a premium smartphone designed for performance and comfort.
P101568,Puma Sneakers,Puma,Footwear,Sneakers,8963,INR,55,4033.35,4.1,1925,7892.5,In Stock,2025-03-01,Puma Puma Sneakers is a premium sneakers designed for performance and comfort.
P101569,RayBan Sunglasses,RayBan,Accessories,Sunglasses,6105,INR,46,3296.7,3.7,795,2941.5,Limited Stock,2025-04-18,RayBan RayBan Sunglasses is a premium sunglasses designed for performance and comfort.
P101570,Samsung Galaxy S21,Samsung,Electronics,Smartphone,8924,INR,37,5622.12,4.4,1165,5126.0,Limited Stock,2025-02-24,Samsung Samsung Galaxy S21 is a premium smartphone designed for performance and comfort.
P101571,American Tourister Bag,American Tourister,Accessories,Travel Bag,1479,INR,61,576.81,4.2,3356,14095.2,In Stock,2025-02-24,American Tourister American Tourister Bag is a premium travel bag designed for performance and comfort.
P101572,Adidas Hoodie,Adidas,Fashion,Hoodie,3830,INR,15,3255.5,4.9,4219,20673.1,Out of Stock,2025-08-08,Adidas Adidas Hoodie is a premium hoodie designed for performance and comfort.
P101573,RayBan Sunglasses,RayBan,Accessories,Sunglasses,4307,INR,40,2584.2,3.3,1083,3573.9,Limited Stock,2026-02-05,RayBan RayBan Sunglasses is a premium sunglasses designed for performance and comfort.
P101574,Boat Earbuds,Boat,Electronics,Earbuds,17958,INR,12,15803.04,3.7,3179,11762.3,Limited Stock,2025-01-26,Boat Boat Earbuds is a premium earbuds designed for performance and comfort.
P101575,iPhone 13,Apple,Electronics,Smartphone,55444,INR,63,20514.28,4.9,1341,6570.9,Limited Stock,2025-11-11,Apple iPhone 13 is a premium smartphone designed for performance and comfort.
P101576,Fossil Watch,Fossil,Accessories,Watch,6626,INR,53,3114.22,4.2,2313,9714.6,Out of Stock,2024-08-19,Fossil Fossil Watch is a premium watch designed for performance and comfort.
P101577,Zara Shirt,Zara,Fashion,Shirt,4945,INR,9,4499.95,4.7,2980,14006.0,Out of Stock,2024-12-09,Zara Zara Shirt is a premium shirt designed for performance and comfort.
P101578,Levi's Jeans,Levi's,Fashion,Jeans,1904,INR,9,1732.64,4.3,1414,6080.2,In Stock,2024-06-19,Levi's Levi's Jeans is a premium jeans designed for performance and comfort.
P101579,Nike Air Max,Nike,Footwear,Sneakers,9492,INR,31,6549.48,3.9,3424,13353.6,Out of Stock,2024-10-04,Nike Nike Air Max is a premium sneakers designed for performance and comfort.
P101580,RayBan Sunglasses,RayBan,Accessories,Sunglasses,5537,INR,29,3931.27,4.5,439,1975.5,In Stock,2024-05-25,RayBan RayBan Sunglasses is a premium sunglasses designed for performance and comfort.
P101581,Fossil Watch,Fossil,Accessories,Watch,5318,INR,30,3722.6,4.7,4324,20322.8,In Stock,2025-09-06,Fossil Fossil Watch is a premium watch designed for performance and comfort.
P101582,Reebok Shoes,Reebok,Footwear,Training Shoes,1849,INR,44,1035.44,3.5,4310,15085.0,Limited Stock,2024-06-20,Reebok Reebok Shoes is a premium training shoes designed for performance and comfort.
P101583,Dell Laptop,Dell,Electronics,Laptop,31250,INR,61,12187.5,4.9,793,3885.7,Limited Stock,2024-09-10,Dell Dell Laptop is a premium laptop designed for performance and comfort.
P101584,Fossil Watch,Fossil,Accessories,Watch,4746,INR,40,2847.6,3.5,1553,5435.5,Out of Stock,2025-05-22,Fossil Fossil Watch is a premium watch designed for performance and comfort.
P101585,Fossil Watch,Fossil,Accessories,Watch,2643,INR,60,1057.2,3.7,2817,10422.9,Out of Stock,2026-04-04,Fossil Fossil Watch is a premium watch designed for performance and comfort.
P101586,Fossil Watch,Fossil,Accessories,Watch,5544,INR,66,1884.96,4.7,2500,11750.0,In Stock,2024-09-20,Fossil Fossil Watch is a premium watch designed for performance and comfort.
P101587,Wildcraft Backpack,Wildcraft,Accessories,Backpack,6935,INR,45,3814.25,4.4,3735,16434.0,Out of Stock,2025-02-09,Wildcraft Wildcraft Backpack is a premium backpack designed for performance and comfort.
P101588,Dell Laptop,Dell,Electronics,Laptop,27652,INR,33,18526.84,4.4,839,3691.6,Limited Stock,2025-09-27,Dell Dell Laptop is a premium laptop designed for performance and comfort.
P101589,Adidas Ultraboost,Adidas,Footwear,Running Shoes,4995,INR,50,2497.5,4.5,2611,11749.5,Out of Stock,2024-11-09,Adidas Adidas Ultraboost is a premium running shoes designed for performance and comfort.
P101590,Nike Air Max,Nike,Footwear,Sneakers,2342,INR,52,1124.16,3.8,3190,12122.0,In Stock,2025-09-22,Nike Nike Air Max is a premium sneakers designed for performance and comfort.
P101591,Reebok Shoes,Reebok,Footwear,Training Shoes,9223,INR,19,7470.63,3.3,4887,16127.1,Out of Stock,2025-04-04,Reebok Reebok Shoes is a premium training shoes designed for performance and comfort.
P101592,Nike Air Max,Nike,Footwear,Sneakers,3659,INR,13,3183.33,3.9,2882,11239.8,Limited Stock,2024-11-19,Nike Nike Air Max is a premium sneakers designed for performance and comfort.
P101593,American Tourister Bag,American Tourister,Accessories,Travel Bag,3443,INR,52,1652.64,3.7,2550,9435.0,Out of Stock,2024-07-26,American Tourister American Tourister Bag is a premium travel bag designed for performance and comfort.
P101594,Dell Laptop,Dell,Electronics,Laptop,51841,INR,51,25402.09,4.2,3797,15947.4,In Stock,2026-01-05,Dell Dell Laptop is a premium laptop designed for performance and comfort.
P101595,Adidas Ultraboost,Adidas,Footwear,Running Shoes,4421,INR,16,3713.64,3.7,3362,12439.4,Out of Stock,2025-12-16,Adidas Adidas Ultraboost is a premium running shoes designed for performance and comfort.
P101596,Boat Earbuds,Boat,Electronics,Earbuds,33558,INR,7,31208.94,3.7,4506,16672.2,Out of Stock,2024-07-22,Boat Boat Earbuds is a premium earbuds designed for performance and comfort.
P101597,Adidas Ultraboost,Adidas,Footwear,Running Shoes,7468,INR,13,6497.16,3.9,604,2355.6,Out of Stock,2024-08-24,Adidas Adidas Ultraboost is a premium running shoes designed for performance and comfort.
P101598,Boat Earbuds,Boat,Electronics,Earbuds,33377,INR,7,31040.61,3.5,583,2040.5,Out of Stock,2024-08-16,Boat Boat Earbuds is a premium earbuds designed for performance and comfort.
P101599,Adidas Ultraboost,Adidas,Footwear,Running Shoes,9216,INR,6,8663.04,4.2,1984,8332.8,Limited Stock,2025-04-18,Adidas Adidas Ultraboost is a premium running shoes designed for performance and comfort.
P101600,OnePlus 11,OnePlus,Electronics,Smartphone,8980,INR,67,2963.4,4.6,220,1012.0,In Stock,2026-01-21,OnePlus OnePlus 11 is a premium smartphone designed for performance and comfort.
P101601,American Tourister Bag,American Tourister,Accessories,Travel Bag,1544,INR,30,1080.8,4.2,2021,8488.2,In Stock,2024-07-23,American Tourister American Tourister Bag is a premium travel bag designed for performance and comfort.
P101602,Fossil Watch,Fossil,Accessories,Watch,3073,INR,69,952.63,3.4,2111,7177.4,Limited Stock,2024-08-31,Fossil Fossil Watch is a premium watch designed for performance and comfort.
P101603,H&M Sweatshirt,H&M,Fashion,Sweatshirt,3652,INR,19,2958.12,3.8,2572,9773.6,Limited Stock,2025-10-24,H&M H&M Sweatshirt is a premium sweatshirt designed for performance and comfort.
P101604,iPhone 13,Apple,Electronics,Smartphone,9102,INR,67,3003.66,4.3,2982,12822.6,In Stock,2025-06-21,Apple iPhone 13 is a premium smartphone designed for performance and comfort.
P101605,Adidas Hoodie,Adidas,Fashion,Hoodie,3102,INR,47,1644.06,4.7,3857,18127.9,Out of Stock,2025-07-29,Adidas Adidas Hoodie is a premium hoodie designed for performance and comfort.
P101606,Puma Sneakers,Puma,Footwear,Sneakers,5971,INR,30,4179.7,4.0,2805,11220.0,Out of Stock,2024-12-25,Puma Puma Sneakers is a premium sneakers designed for performance and comfort.
P101607,American Tourister Bag,American Tourister,Accessories,Travel Bag,4105,INR,16,3448.2,5.0,163,815.0,Limited Stock,2025-11-26,American Tourister American Tourister Bag is a premium travel bag designed for performance and comfort.
P101608,H&M Sweatshirt,H&M,Fashion,Sweatshirt,4360,INR,53,2049.2,3.9,3353,13076.7,In Stock,2026-04-27,H&M H&M Sweatshirt is a premium sweatshirt designed for performance and comfort.
P101609,Adidas Ultraboost,Adidas,Footwear,Running Shoes,9542,INR,23,7347.34,3.2,2490,7968.0,In Stock,2024-08-16,Adidas Adidas Ultraboost is a premium running shoes designed for performance and comfort.
P101610,Zara Shirt,Zara,Fashion,Shirt,884,INR,60,353.6,3.9,4553,17756.7,Out of Stock,2024-12-24,Zara Zara Shirt is a premium shirt designed for performance and comfort.
P101611,American Tourister Bag,American Tourister,Accessories,Travel Bag,4753,INR,66,1616.02,4.8,3957,18993.6,Limited Stock,2024-07-19,American Tourister American Tourister Bag is a premium travel bag designed for performance and comfort.
P101612,Wildcraft Backpack,Wildcraft,Accessories,Backpack,467,INR,35,303.55,3.2,1633,5225.6,Out of Stock,2025-04-11,Wildcraft Wildcraft Backpack is a premium backpack designed for performance and comfort.
P101613,Dell Laptop,Dell,Electronics,Laptop,26259,INR,15,22320.15,4.1,766,3140.6,Out of Stock,2024-08-14,Dell Dell Laptop is a premium laptop designed for performance and comfort.
P101614,Dell Laptop,Dell,Electronics,Laptop,59483,INR,38,36879.46,3.5,4013,14045.5,In Stock,2024-06-04,Dell Dell Laptop is a premium laptop designed for performance and comfort.
P101615,Wildcraft Backpack,Wildcraft,Accessories,Backpack,3688,INR,31,2544.72,3.7,318,1176.6,In Stock,2025-04-15,Wildcraft Wildcraft Backpack is a premium backpack designed for performance and comfort.
P101616,OnePlus 11,OnePlus,Electronics,Smartphone,66452,INR,17,55155.16,4.9,4960,24304.0,Limited Stock,2025-09-06,OnePlus OnePlus 11 is a premium smartphone designed for performance and comfort.
P101617,Nike Air Max,Nike,Footwear,Sneakers,4654,INR,67,1535.82,3.5,4255,14892.5,Out of Stock,2025-01-23,Nike Nike Air Max is a premium sneakers designed for performance and comfort.
P101618,iPhone 13,Apple,Electronics,Smartphone,12652,INR,16,10627.68,4.8,4664,22387.2,In Stock,2025-09-21,Apple iPhone 13 is a premium smartphone designed for performance and comfort.
P101619,Zara Shirt,Zara,Fashion,Shirt,4773,INR,23,3675.21,4.3,4230,18189.0,Limited Stock,2026-04-06,Zara Zara Shirt is a premium shirt designed for performance and comfort.
P101620,Nike Air Max,Nike,Footwear,Sneakers,6530,INR,38,4048.6,4.3,2732,11747.6,Out of Stock,2024-08-31,Nike Nike Air Max is a premium sneakers designed for performance and comfort.
P101621,H&M Sweatshirt,H&M,Fashion,Sweatshirt,4492,INR,58,1886.64,4.8,2218,10646.4,Limited Stock,2024-08-17,H&M H&M Sweatshirt is a premium sweatshirt designed for performance and comfort.
P101622,Puma Sneakers,Puma,Footwear,Sneakers,3254,INR,45,1789.7,3.6,510,1836.0,Out of Stock,2024-06-18,Puma Puma Sneakers is a premium sneakers designed for performance and comfort.
P101623,Puma Sneakers,Puma,Footwear,Sneakers,4473,INR,45,2460.15,3.4,3583,12182.2,Out of Stock,2024-05-24,Puma Puma Sneakers is a premium sneakers designed for performance and comfort.
P101624,iPhone 13,Apple,Electronics,Smartphone,23161,INR,35,15054.65,4.9,2562,12553.8,Limited Stock,2025-10-22,Apple iPhone 13 is a premium smartphone designed for performance and comfort.
P101625,Nike Air Max,Nike,Footwear,Sneakers,3400,INR,17,2822.0,3.7,532,1968.4,In Stock,2024-08-20,Nike Nike Air Max is a premium sneakers designed for performance and comfort.
P101626,OnePlus 11,OnePlus,Electronics,Smartphone,71283,INR,64,25661.88,4.7,2846,13376.2,In Stock,2024-09-25,OnePlus OnePlus 11 is a premium smartphone designed for performance and comfort.
P101627,iPhone 13,Apple,Electronics,Smartphone,49629,INR,46,26799.66,5.0,14,70.0,Out of Stock,2024-07-11,Apple iPhone 13 is a premium smartphone designed for performance and comfort.
P101628,HP Pavilion,HP,Electronics,Laptop,61418,INR,22,47906.04,4.5,2591,11659.5,Out of Stock,2025-07-06,HP HP Pavilion is a premium laptop designed for performance and comfort.
P101629,HP Pavilion,HP,Electronics,Laptop,43164,INR,28,31078.08,3.4,3206,10900.4,In Stock,2025-04-13,HP HP Pavilion is a premium laptop designed for performance and comfort.
P101630,Adidas Ultraboost,Adidas,Footwear,Running Shoes,9281,INR,10,8352.9,4.8,1561,7492.8,Limited Stock,2024-12-12,Adidas Adidas Ultraboost is a premium running shoes designed for performance and comfort.
P101631,Reebok Shoes,Reebok,Footwear,Training Shoes,7968,INR,6,7489.92,3.7,2260,8362.0,Limited Stock,2024-08-18,Reebok Reebok Shoes is a premium training shoes designed for performance and comfort.
P101632,Zara Shirt,Zara,Fashion,Shirt,937,INR,29,665.27,3.5,4924,17234.0,Out of Stock,2025-04-26,Zara Zara Shirt is a premium shirt designed for performance and comfort.
P101633,HP Pavilion,HP,Electronics,Laptop,57467,INR,35,37353.55,3.8,230,874.0,Limited Stock,2025-11-12,HP HP Pavilion is a premium laptop designed for performance and comfort.
P101634,HP Pavilion,HP,Electronics,Laptop,27001,INR,7,25110.93,5.0,3988,19940.0,In Stock,2025-04-11,HP HP Pavilion is a premium laptop designed for performance and comfort.
P101635,American Tourister Bag,American Tourister,Accessories,Travel Bag,400,INR,31,276.0,4.9,3973,19467.7,Out of Stock,2025-06-27,American Tourister American Tourister Bag is a premium travel bag designed for performance and comfort.
P101636,American Tourister Bag,American Tourister,Accessories,Travel Bag,1206,INR,53,566.82,3.8,1884,7159.2,Limited Stock,2024-09-23,American Tourister American Tourister Bag is a premium travel bag designed for performance and comfort.
P101637,Sony Headphones,Sony,Electronics,Headphones,56805,INR,51,27834.45,4.7,1583,7440.1,Out of Stock,2024-11-27,Sony Sony Headphones is a premium headphones designed for performance and comfort.
P101638,Reebok Shoes,Reebok,Footwear,Training Shoes,8687,INR,23,6688.99,4.2,496,2083.2,In Stock,2024-10-03,Reebok Reebok Shoes is a premium training shoes designed for performance and comfort.
P101639,Fossil Watch,Fossil,Accessories,Watch,3970,INR,5,3771.5,4.0,707,2828.0,In Stock,2025-04-11,Fossil Fossil Watch is a premium watch designed for performance and comfort.
P101640,Nike Air Max,Nike,Footwear,Sneakers,2152,INR,43,1226.64,3.4,950,3230.0,Limited Stock,2025-10-09,Nike Nike Air Max is a premium sneakers designed for performance and comfort.
P101641,RayBan Sunglasses,RayBan,Accessories,Sunglasses,4992,INR,26,3694.08,3.6,4205,15138.0,In Stock,2026-04-16,RayBan RayBan Sunglasses is a premium sunglasses designed for performance and comfort.
P101642,Sony Headphones,Sony,Electronics,Headphones,19656,INR,46,10614.24,3.3,280,924.0,Limited Stock,2025-11-06,Sony Sony Headphones is a premium headphones designed for performance and comfort.
P101643,Dell Laptop,Dell,Electronics,Laptop,44598,INR,12,39246.24,3.6,3794,13658.4,Limited Stock,2024-11-26,Dell Dell Laptop is a premium laptop designed for performance and comfort.
P101644,OnePlus 11,OnePlus,Electronics,Smartphone,12375,INR,68,3960.0,4.1,205,840.5,Out of Stock,2025-05-29,OnePlus OnePlus 11 is a premium smartphone designed for performance and comfort.
P101645,Wildcraft Backpack,Wildcraft,Accessories,Backpack,6744,INR,55,3034.8,4.5,3213,14458.5,In Stock,2025-03-06,Wildcraft Wildcraft Backpack is a premium backpack designed for performance and comfort.
P101646,RayBan Sunglasses,RayBan,Accessories,Sunglasses,3361,INR,45,1848.55,4.3,2047,8802.1,In Stock,2024-12-25,RayBan RayBan Sunglasses is a premium sunglasses designed for performance and comfort.
P101647,Sony Headphones,Sony,Electronics,Headphones,71964,INR,33,48215.88,4.7,548,2575.6,Limited Stock,2026-04-10,Sony Sony Headphones is a premium headphones designed for performance and comfort.
P101648,American Tourister Bag,American Tourister,Accessories,Travel Bag,4148,INR,69,1285.88,3.8,4729,17970.2,Out of Stock,2025-11-04,American Tourister American Tourister Bag is a premium travel bag designed for performance and comfort.
P101649,Levi's Jeans,Levi's,Fashion,Jeans,2151,INR,62,817.38,3.6,2300,8280.0,Limited Stock,2025-12-13,Levi's Levi's Jeans is a premium jeans designed for performance and comfort.
P101650,Levi's Jeans,Levi's,Fashion,Jeans,4218,INR,21,3332.22,4.9,1326,6497.4,Out of Stock,2025-07-10,Levi's Levi's Jeans is a premium jeans designed for performance and comfort.
P101651,Zara Shirt,Zara,Fashion,Shirt,1789,INR,55,805.05,3.8,3544,13467.2,In Stock,2024-12-23,Zara Zara Shirt is a premium shirt designed for performance and comfort.
P101652,Nike T-shirt,Nike,Fashion,T-shirt,3811,INR,24,2896.36,4.3,4978,21405.4,In Stock,2025-08-08,Nike Nike T-shirt is a premium t-shirt designed for performance and comfort.
P101653,Dell Laptop,Dell,Electronics,Laptop,17869,INR,58,7504.98,4.6,3395,15617.0,Limited Stock,2025-02-26,Dell Dell Laptop is a premium laptop designed for performance and comfort.
P101654,Puma Sneakers,Puma,Footwear,Sneakers,8298,INR,22,6472.44,3.8,1779,6760.2,In Stock,2024-12-12,Puma Puma Sneakers is a premium sneakers designed for performance and comfort.
P101655,Reebok Shoes,Reebok,Footwear,Training Shoes,3802,INR,58,1596.84,3.5,3361,11763.5,Out of Stock,2025-11-16,Reebok Reebok Shoes is a premium training shoes designed for performance and comfort.
P101656,American Tourister Bag,American Tourister,Accessories,Travel Bag,1922,INR,46,1037.88,4.6,3080,14168.0,Limited Stock,2026-04-01,American Tourister American Tourister Bag is a premium travel bag designed for performance and comfort.
P101657,Dell Laptop,Dell,Electronics,Laptop,54927,INR,29,38998.17,4.8,4639,22267.2,In Stock,2025-01-09,Dell Dell Laptop is a premium laptop designed for performance and comfort.
P101658,Adidas Ultraboost,Adidas,Footwear,Running Shoes,4885,INR,20,3908.0,3.5,3864,13524.0,Limited Stock,2024-08-12,Adidas Adidas Ultraboost is a premium running shoes designed for performance and comfort.
P101659,OnePlus 11,OnePlus,Electronics,Smartphone,71033,INR,61,27702.87,4.5,532,2394.0,Out of Stock,2024-09-06,OnePlus OnePlus 11 is a premium smartphone designed for performance and comfort.
P101660,Samsung Galaxy S21,Samsung,Electronics,Smartphone,20171,INR,14,17347.06,4.9,2119,10383.1,Out of Stock,2024-06-16,Samsung Samsung Galaxy S21 is a premium smartphone designed for performance and comfort.
P101661,Fossil Watch,Fossil,Accessories,Watch,6508,INR,12,5727.04,3.5,3884,13594.0,Limited Stock,2026-02-14,Fossil Fossil Watch is a premium watch designed for performance and comfort.
P101662,Zara Shirt,Zara,Fashion,Shirt,2099,INR,56,923.56,5.0,1681,8405.0,Out of Stock,2024-05-01,Zara Zara Shirt is a premium shirt designed for performance and comfort.
P101663,H&M Sweatshirt,H&M,Fashion,Sweatshirt,3715,INR,59,1523.15,3.4,2147,7299.8,Out of Stock,2024-12-26,H&M H&M Sweatshirt is a premium sweatshirt designed for performance and comfort.
P101664,Adidas Ultraboost,Adidas,Footwear,Running Shoes,2412,INR,70,723.6,3.7,2957,10940.9,Out of Stock,2025-08-01,Adidas Adidas Ultraboost is a premium running shoes designed for performance and comfort.
P101665,Levi's Jeans,Levi's,Fashion,Jeans,2622,INR,13,2281.14,3.6,3308,11908.8,Out of Stock,2025-08-11,Levi's Levi's Jeans is a premium jeans designed for performance and comfort.
P101666,Puma Sneakers,Puma,Footwear,Sneakers,6899,INR,21,5450.21,3.7,2659,9838.3,In Stock,2025-11-08,Puma Puma Sneakers is a premium sneakers designed for performance and comfort.
P101667,RayBan Sunglasses,RayBan,Accessories,Sunglasses,2412,INR,32,1640.16,4.3,2323,9988.9,In Stock,2025-11-01,RayBan RayBan Sunglasses is a premium sunglasses designed for performance and comfort.
P101668,Samsung Galaxy S21,Samsung,Electronics,Smartphone,49154,INR,59,20153.14,4.0,2683,10732.0,Out of Stock,2026-02-05,Samsung Samsung Galaxy S21 is a premium smartphone designed for performance and comfort.
P101669,American Tourister Bag,American Tourister,Accessories,Travel Bag,716,INR,18,587.12,3.8,1666,6330.8,Limited Stock,2025-01-08,American Tourister American Tourister Bag is a premium travel bag designed for performance and comfort.
P101670,Wildcraft Backpack,Wildcraft,Accessories,Backpack,5512,INR,57,2370.16,4.5,3890,17505.0,In Stock,2026-03-30,Wildcraft Wildcraft Backpack is a premium backpack designed for performance and comfort.
P101671,H&M Sweatshirt,H&M,Fashion,Sweatshirt,4179,INR,42,2423.82,3.6,4684,16862.4,Limited Stock,2024-10-09,H&M H&M Sweatshirt is a premium sweatshirt designed for performance and comfort.
P101672,Dell Laptop,Dell,Electronics,Laptop,35561,INR,70,10668.3,4.6,3923,18045.8,In Stock,2025-07-01,Dell Dell Laptop is a premium laptop designed for performance and comfort.
P101673,Puma Jacket,Puma,Fashion,Jacket,3419,INR,40,2051.4,4.5,4413,19858.5,Out of Stock,2024-10-25,Puma Puma Jacket is a premium jacket designed for performance and comfort.
P101674,American Tourister Bag,American Tourister,Accessories,Travel Bag,5825,INR,64,2097.0,3.7,337,1246.9,Limited Stock,2024-08-29,American Tourister American Tourister Bag is a premium travel bag designed for performance and comfort.
P101675,Zara Shirt,Zara,Fashion,Shirt,4633,INR,55,2084.85,3.4,1696,5766.4,In Stock,2024-09-01,Zara Zara Shirt is a premium shirt designed for performance and comfort.
P101676,Reebok Shoes,Reebok,Footwear,Training Shoes,5789,INR,11,5152.21,4.0,1341,5364.0,Limited Stock,2025-12-27,Reebok Reebok Shoes is a premium training shoes designed for performance and comfort.
P101677,Puma Jacket,Puma,Fashion,Jacket,4867,INR,65,1703.45,4.4,4782,21040.8,In Stock,2024-10-08,Puma Puma Jacket is a premium jacket designed for performance and comfort.
P101678,RayBan Sunglasses,RayBan,Accessories,Sunglasses,2190,INR,28,1576.8,4.3,1306,5615.8,In Stock,2024-06-23,RayBan RayBan Sunglasses is a premium sunglasses designed for performance and comfort.
P101679,Dell Laptop,Dell,Electronics,Laptop,52486,INR,18,43038.52,4.4,2209,9719.6,Limited Stock,2026-04-01,Dell Dell Laptop is a premium laptop designed for performance and comfort.
P101680,Levi's Jeans,Levi's,Fashion,Jeans,3621,INR,18,2969.22,4.8,3589,17227.2,Out of Stock,2025-06-29,Levi's Levi's Jeans is a premium jeans designed for performance and comfort.
P101681,Adidas Ultraboost,Adidas,Footwear,Running Shoes,1461,INR,16,1227.24,4.5,1647,7411.5,Out of Stock,2024-07-21,Adidas Adidas Ultraboost is a premium running shoes designed for performance and comfort.
P101682,Fossil Watch,Fossil,Accessories,Watch,5262,INR,34,3472.92,4.9,927,4542.3,Limited Stock,2024-09-13,Fossil Fossil Watch is a premium watch designed for performance and comfort.
P101683,Adidas Hoodie,Adidas,Fashion,Hoodie,1536,INR,57,660.48,5.0,3431,17155.0,Limited Stock,2026-04-10,Adidas Adidas Hoodie is a premium hoodie designed for performance and comfort.
P101684,Puma Sneakers,Puma,Footwear,Sneakers,7341,INR,12,6460.08,3.6,382,1375.2,Limited Stock,2024-08-25,Puma Puma Sneakers is a premium sneakers designed for performance and comfort.
P101685,American Tourister Bag,American Tourister,Accessories,Travel Bag,2991,INR,53,1405.77,3.6,4410,15876.0,Limited Stock,2024-11-13,American Tourister American Tourister Bag is a premium travel bag designed for performance and comfort.
P101686,Sony Headphones,Sony,Electronics,Headphones,48663,INR,60,19465.2,3.5,4832,16912.0,In Stock,2025-12-08,Sony Sony Headphones is a premium headphones designed for performance and comfort.
P101687,Adidas Hoodie,Adidas,Fashion,Hoodie,864,INR,69,267.84,4.1,257,1053.7,Limited Stock,2025-01-30,Adidas Adidas Hoodie is a premium hoodie designed for performance and comfort.
P101688,Nike T-shirt,Nike,Fashion,T-shirt,1880,INR,40,1128.0,3.7,1773,6560.1,Out of Stock,2025-02-22,Nike Nike T-shirt is a premium t-shirt designed for performance and comfort.
P101689,iPhone 13,Apple,Electronics,Smartphone,75582,INR,35,49128.3,4.6,4846,22291.6,Out of Stock,2024-12-06,Apple iPhone 13 is a premium smartphone designed for performance and comfort.
P101690,Adidas Hoodie,Adidas,Fashion,Hoodie,4098,INR,44,2294.88,5.0,2098,10490.0,In Stock,2025-05-11,Adidas Adidas Hoodie is a premium hoodie designed for performance and comfort.
P101691,Wildcraft Backpack,Wildcraft,Accessories,Backpack,4066,INR,47,2154.98,4.7,1695,7966.5,Out of Stock,2026-04-01,Wildcraft Wildcraft Backpack is a premium backpack designed for performance and comfort.
P101692,Puma Jacket,Puma,Fashion,Jacket,4197,INR,51,2056.53,4.4,2356,10366.4,Limited Stock,2025-03-30,Puma Puma Jacket is a premium jacket designed for performance and comfort.
P101693,Puma Sneakers,Puma,Footwear,Sneakers,1322,INR,68,423.04,4.8,4983,23918.4,Limited Stock,2025-04-07,Puma Puma Sneakers is a premium sneakers designed for performance and comfort.
P101694,Dell Laptop,Dell,Electronics,Laptop,60814,INR,41,35880.26,3.3,78,257.4,In Stock,2025-03-05,Dell Dell Laptop is a premium laptop designed for performance and comfort.
P101695,Adidas Ultraboost,Adidas,Footwear,Running Shoes,3789,INR,41,2235.51,3.7,769,2845.3,Out of Stock,2026-04-27,Adidas Adidas Ultraboost is a premium running shoes designed for performance and comfort.
P101696,Adidas Ultraboost,Adidas,Footwear,Running Shoes,2978,INR,34,1965.48,3.5,2728,9548.0,In Stock,2025-10-01,Adidas Adidas Ultraboost is a premium running shoes designed for performance and comfort.
P101697,Boat Earbuds,Boat,Electronics,Earbuds,20100,INR,58,8442.0,3.2,1876,6003.2,In Stock,2026-03-25,Boat Boat Earbuds is a premium earbuds designed for performance and comfort.
P101698,Reebok Shoes,Reebok,Footwear,Training Shoes,3230,INR,43,1841.1,4.0,2479,9916.0,In Stock,2026-02-09,Reebok Reebok Shoes is a premium training shoes designed for performance and comfort.
P101699,Puma Jacket,Puma,Fashion,Jacket,2801,INR,33,1876.67,5.0,4721,23605.0,Out of Stock,2024-10-19,Puma Puma Jacket is a premium jacket designed for performance and comfort.
P101700,Adidas Ultraboost,Adidas,Footwear,Running Shoes,6318,INR,24,4801.68,4.9,2159,10579.1,In Stock,2026-04-18,Adidas Adidas Ultraboost is a premium running shoes designed for performance and comfort.
P101701,Levi's Jeans,Levi's,Fashion,Jeans,1889,INR,48,982.28,3.3,3323,10965.9,Out of Stock,2025-12-25,Levi's Levi's Jeans is a premium jeans designed for performance and comfort.
P101702,Nike Air Max,Nike,Footwear,Sneakers,1391,INR,58,584.22,4.6,4304,19798.4,Out of Stock,2026-03-19,Nike Nike Air Max is a premium sneakers designed for performance and comfort.
P101703,Wildcraft Backpack,Wildcraft,Accessories,Backpack,6438,INR,64,2317.68,3.7,1753,6486.1,Limited Stock,2025-10-16,Wildcraft Wildcraft Backpack is a premium backpack designed for performance and comfort.
P101704,Dell Laptop,Dell,Electronics,Laptop,18968,INR,29,13467.28,4.8,4618,22166.4,Limited Stock,2025-11-12,Dell Dell Laptop is a premium laptop designed for performance and comfort.
P101705,OnePlus 11,OnePlus,Electronics,Smartphone,59588,INR,49,30389.88,4.8,1096,5260.8,Limited Stock,2025-08-05,OnePlus OnePlus 11 is a premium smartphone designed for performance and comfort.
P101706,Sony Headphones,Sony,Electronics,Headphones,72196,INR,69,22380.76,4.2,432,1814.4,Limited Stock,2025-10-30,Sony Sony Headphones is a premium headphones designed for performance and comfort.
P101707,Puma Sneakers,Puma,Footwear,Sneakers,4211,INR,61,1642.29,4.6,464,2134.4,In Stock,2025-07-12,Puma Puma Sneakers is a premium sneakers designed for performance and comfort.
P101708,RayBan Sunglasses,RayBan,Accessories,Sunglasses,3701,INR,17,3071.83,4.2,2592,10886.4,Out of Stock,2024-05-08,RayBan RayBan Sunglasses is a premium sunglasses designed for performance and comfort.
P101709,Puma Sneakers,Puma,Footwear,Sneakers,8464,INR,63,3131.68,3.5,2796,9786.0,Limited Stock,2026-02-13,Puma Puma Sneakers is a premium sneakers designed for performance and comfort.
P101710,Fossil Watch,Fossil,Accessories,Watch,6392,INR,38,3963.04,3.2,1651,5283.2,In Stock,2024-08-22,Fossil Fossil Watch is a premium watch designed for performance and comfort.
P101711,Fossil Watch,Fossil,Accessories,Watch,3695,INR,29,2623.45,4.6,4506,20727.6,In Stock,2024-07-27,Fossil Fossil Watch is a premium watch designed for performance and comfort.
P101712,RayBan Sunglasses,RayBan,Accessories,Sunglasses,1586,INR,10,1427.4,4.4,2892,12724.8,In Stock,2025-01-24,RayBan RayBan Sunglasses is a premium sunglasses designed for performance and comfort.
P101713,American Tourister Bag,American Tourister,Accessories,Travel Bag,5930,INR,57,2549.9,4.9,1643,8050.7,Out of Stock,2024-08-08,American Tourister American Tourister Bag is a premium travel bag designed for performance and comfort.
P101714,Fossil Watch,Fossil,Accessories,Watch,2158,INR,24,1640.08,4.0,4684,18736.0,Out of Stock,2025-11-07,Fossil Fossil Watch is a premium watch designed for performance and comfort.
P101715,RayBan Sunglasses,RayBan,Accessories,Sunglasses,2464,INR,65,862.4,4.5,1690,7605.0,In Stock,2025-08-23,RayBan RayBan Sunglasses is a premium sunglasses designed for performance and comfort.
P101716,OnePlus 11,OnePlus,Electronics,Smartphone,53160,INR,67,17542.8,4.0,452,1808.0,In Stock,2025-01-17,OnePlus OnePlus 11 is a premium smartphone designed for performance and comfort.
P101717,Zara Shirt,Zara,Fashion,Shirt,4764,INR,21,3763.56,3.3,2937,9692.1,Limited Stock,2024-10-06,Zara Zara Shirt is a premium shirt designed for performance and comfort.
P101718,Puma Sneakers,Puma,Footwear,Sneakers,8489,INR,29,6027.19,3.5,1378,4823.0,In Stock,2024-06-21,Puma Puma Sneakers is a premium sneakers designed for performance and comfort.
P101719,Fossil Watch,Fossil,Accessories,Watch,2468,INR,31,1702.92,3.2,3972,12710.4,In Stock,2025-08-27,Fossil Fossil Watch is a premium watch designed for performance and comfort.
P101720,iPhone 13,Apple,Electronics,Smartphone,36333,INR,46,19619.82,3.3,1204,3973.2,In Stock,2025-11-08,Apple iPhone 13 is a premium smartphone designed for performance and comfort.
P101721,Puma Sneakers,Puma,Footwear,Sneakers,5246,INR,67,1731.18,3.4,3370,11458.0,In Stock,2024-09-19,Puma Puma Sneakers is a premium sneakers designed for performance and comfort.
P101722,Puma Sneakers,Puma,Footwear,Sneakers,5237,INR,8,4818.04,4.6,1742,8013.2,Limited Stock,2025-04-29,Puma Puma Sneakers is a premium sneakers designed for performance and comfort.
P101723,Puma Sneakers,Puma,Footwear,Sneakers,9934,INR,69,3079.54,3.9,3734,14562.6,Limited Stock,2026-04-30,Puma Puma Sneakers is a premium sneakers designed for performance and comfort.
P101724,HP Pavilion,HP,Electronics,Laptop,28629,INR,68,9161.28,4.5,327,1471.5,Out of Stock,2025-01-12,HP HP Pavilion is a premium laptop designed for performance and comfort.
P101725,Adidas Ultraboost,Adidas,Footwear,Running Shoes,2803,INR,54,1289.38,4.5,4170,18765.0,Out of Stock,2025-09-04,Adidas Adidas Ultraboost is a premium running shoes designed for performance and comfort.
P101726,Samsung Galaxy S21,Samsung,Electronics,Smartphone,68223,INR,56,30018.12,4.6,4827,22204.2,In Stock,2026-01-01,Samsung Samsung Galaxy S21 is a premium smartphone designed for performance and comfort.
P101727,Wildcraft Backpack,Wildcraft,Accessories,Backpack,3055,INR,66,1038.7,3.3,3729,12305.7,In Stock,2025-01-27,Wildcraft Wildcraft Backpack is a premium backpack designed for performance and comfort.
P101728,Boat Earbuds,Boat,Electronics,Earbuds,33904,INR,34,22376.64,3.9,3406,13283.4,Limited Stock,2025-07-09,Boat Boat Earbuds is a premium earbuds designed for performance and comfort.
P101729,Dell Laptop,Dell,Electronics,Laptop,28309,INR,49,14437.59,3.8,4969,18882.2,Out of Stock,2025-08-01,Dell Dell Laptop is a premium laptop designed for performance and comfort.
P101730,Reebok Shoes,Reebok,Footwear,Training Shoes,8724,INR,41,5147.16,4.0,4394,17576.0,In Stock,2025-12-09,Reebok Reebok Shoes is a premium training shoes designed for performance and comfort.
P101731,Zara Shirt,Zara,Fashion,Shirt,3529,INR,13,3070.23,4.6,58,266.8,In Stock,2025-05-10,Zara Zara Shirt is a premium shirt designed for performance and comfort.
P101732,Wildcraft Backpack,Wildcraft,Accessories,Backpack,2199,INR,35,1429.35,3.9,1014,3954.6,Out of Stock,2025-11-27,Wildcraft Wildcraft Backpack is a premium backpack designed for performance and comfort.
P101733,American Tourister Bag,American Tourister,Accessories,Travel Bag,845,INR,46,456.3,4.9,1213,5943.7,Out of Stock,2026-03-30,American Tourister American Tourister Bag is a premium travel bag designed for performance and comfort.
P101734,Levi's Jeans,Levi's,Fashion,Jeans,1548,INR,62,588.24,3.8,1062,4035.6,In Stock,2025-09-27,Levi's Levi's Jeans is a premium jeans designed for performance and comfort.
P101735,RayBan Sunglasses,RayBan,Accessories,Sunglasses,4034,INR,49,2057.34,4.1,4672,19155.2,In Stock,2025-06-14,RayBan RayBan Sunglasses is a premium sunglasses designed for performance and comfort.
P101736,Samsung Galaxy S21,Samsung,Electronics,Smartphone,30902,INR,58,12978.84,4.8,1588,7622.4,Limited Stock,2026-03-16,Samsung Samsung Galaxy S21 is a premium smartphone designed for performance and comfort.
P101737,Puma Sneakers,Puma,Footwear,Sneakers,3576,INR,43,2038.32,3.2,3370,10784.0,In Stock,2024-11-26,Puma Puma Sneakers is a premium sneakers designed for performance and comfort.
P101738,Fossil Watch,Fossil,Accessories,Watch,4689,INR,37,2954.07,4.5,3611,16249.5,Limited Stock,2025-01-03,Fossil Fossil Watch is a premium watch designed for performance and comfort.
P101739,Puma Sneakers,Puma,Footwear,Sneakers,6661,INR,67,2198.13,4.3,2355,10126.5,Out of Stock,2026-04-22,Puma Puma Sneakers is a premium sneakers designed for performance and comfort.
P101740,Nike T-shirt,Nike,Fashion,T-shirt,837,INR,28,602.64,4.7,3256,15303.2,Out of Stock,2024-12-21,Nike Nike T-shirt is a premium t-shirt designed for performance and comfort.
P101741,Nike Air Max,Nike,Footwear,Sneakers,5426,INR,42,3147.08,4.9,3733,18291.7,In Stock,2025-07-23,Nike Nike Air Max is a premium sneakers designed for performance and comfort.
P101742,iPhone 13,Apple,Electronics,Smartphone,52800,INR,55,23760.0,4.6,2211,10170.6,Limited Stock,2024-05-27,Apple iPhone 13 is a premium smartphone designed for performance and comfort.
P101743,Wildcraft Backpack,Wildcraft,Accessories,Backpack,6996,INR,37,4407.48,3.4,2559,8700.6,Out of Stock,2025-05-26,Wildcraft Wildcraft Backpack is a premium backpack designed for performance and comfort.
P101744,Samsung Galaxy S21,Samsung,Electronics,Smartphone,27718,INR,55,12473.1,4.0,3044,12176.0,Out of Stock,2026-02-18,Samsung Samsung Galaxy S21 is a premium smartphone designed for performance and comfort.
P101745,Adidas Hoodie,Adidas,Fashion,Hoodie,2217,INR,28,1596.24,4.7,589,2768.3,Out of Stock,2025-09-21,Adidas Adidas Hoodie is a premium hoodie designed for performance and comfort.
P101746,Wildcraft Backpack,Wildcraft,Accessories,Backpack,353,INR,46,190.62,4.9,1275,6247.5,Out of Stock,2024-12-21,Wildcraft Wildcraft Backpack is a premium backpack designed for performance and comfort.
P101747,iPhone 13,Apple,Electronics,Smartphone,29584,INR,64,10650.24,3.7,2631,9734.7,Limited Stock,2025-04-18,Apple iPhone 13 is a premium smartphone designed for performance and comfort.
P101748,Boat Earbuds,Boat,Electronics,Earbuds,19284,INR,44,10799.04,4.1,693,2841.3,Out of Stock,2024-11-30,Boat Boat Earbuds is a premium earbuds designed for performance and comfort.
P101749,RayBan Sunglasses,RayBan,Accessories,Sunglasses,6424,INR,26,4753.76,3.7,4012,14844.4,Limited Stock,2025-02-25,RayBan RayBan Sunglasses is a premium sunglasses designed for performance and comfort.
P101750,Nike Air Max,Nike,Footwear,Sneakers,1370,INR,19,1109.7,4.2,1061,4456.2,Limited Stock,2026-01-25,Nike Nike Air Max is a premium sneakers designed for performance and comfort.
P101751,RayBan Sunglasses,RayBan,Accessories,Sunglasses,6180,INR,27,4511.4,4.3,1634,7026.2,Out of Stock,2026-03-24,RayBan RayBan Sunglasses is a premium sunglasses designed for performance and comfort.
P101752,Levi's Jeans,Levi's,Fashion,Jeans,4652,INR,9,4233.32,3.7,4254,15739.8,In Stock,2025-09-16,Levi's Levi's Jeans is a premium jeans designed for performance and comfort.
P101753,Nike Air Max,Nike,Footwear,Sneakers,5938,INR,22,4631.64,3.5,4086,14301.0,In Stock,2024-11-16,Nike Nike Air Max is a premium sneakers designed for performance and comfort.
P101754,Puma Sneakers,Puma,Footwear,Sneakers,7763,INR,59,3182.83,5.0,321,1605.0,Out of Stock,2025-12-10,Puma Puma Sneakers is a premium sneakers designed for performance and comfort.
P101755,Puma Jacket,Puma,Fashion,Jacket,4459,INR,29,3165.89,3.8,2846,10814.8,In Stock,2025-07-18,Puma Puma Jacket is a premium jacket designed for performance and comfort.
P101756,RayBan Sunglasses,RayBan,Accessories,Sunglasses,4959,INR,21,3917.61,4.3,3370,14491.0,Limited Stock,2025-01-03,RayBan RayBan Sunglasses is a premium sunglasses designed for performance and comfort.
P101757,Puma Sneakers,Puma,Footwear,Sneakers,6622,INR,63,2450.14,4.0,2265,9060.0,In Stock,2024-07-26,Puma Puma Sneakers is a premium sneakers designed for performance and comfort.
P101758,RayBan Sunglasses,RayBan,Accessories,Sunglasses,4707,INR,50,2353.5,4.2,803,3372.6,Out of Stock,2026-04-23,RayBan RayBan Sunglasses is a premium sunglasses designed for performance and comfort.
P101759,Zara Shirt,Zara,Fashion,Shirt,3321,INR,53,1560.87,3.2,4382,14022.4,Out of Stock,2025-02-23,Zara Zara Shirt is a premium shirt designed for performance and comfort.
P101760,Zara Shirt,Zara,Fashion,Shirt,1085,INR,65,379.75,3.9,4887,19059.3,Out of Stock,2024-09-02,Zara Zara Shirt is a premium shirt designed for performance and comfort.
P101761,Adidas Ultraboost,Adidas,Footwear,Running Shoes,2021,INR,45,1111.55,4.8,4350,20880.0,Limited Stock,2025-08-28,Adidas Adidas Ultraboost is a premium running shoes designed for performance and comfort.
P101762,Dell Laptop,Dell,Electronics,Laptop,25021,INR,30,17514.7,4.5,257,1156.5,Limited Stock,2024-09-19,Dell Dell Laptop is a premium laptop designed for performance and comfort.
P101763,American Tourister Bag,American Tourister,Accessories,Travel Bag,2220,INR,47,1176.6,4.6,4053,18643.8,In Stock,2026-01-23,American Tourister American Tourister Bag is a premium travel bag designed for performance and comfort.
P101764,Nike Air Max,Nike,Footwear,Sneakers,9685,INR,23,7457.45,4.2,4110,17262.0,Limited Stock,2024-05-23,Nike Nike Air Max is a premium sneakers designed for performance and comfort.
P101765,RayBan Sunglasses,RayBan,Accessories,Sunglasses,4973,INR,43,2834.61,3.7,2482,9183.4,Out of Stock,2024-06-20,RayBan RayBan Sunglasses is a premium sunglasses designed for performance and comfort.
P101766,Reebok Shoes,Reebok,Footwear,Training Shoes,2388,INR,5,2268.6,3.7,1479,5472.3,Out of Stock,2025-03-16,Reebok Reebok Shoes is a premium training shoes designed for performance and comfort.
P101767,RayBan Sunglasses,RayBan,Accessories,Sunglasses,2419,INR,28,1741.68,5.0,1427,7135.0,In Stock,2025-08-02,RayBan RayBan Sunglasses is a premium sunglasses designed for performance and comfort.
P101768,American Tourister Bag,American Tourister,Accessories,Travel Bag,2977,INR,70,893.1,3.6,3337,12013.2,Out of Stock,2024-12-24,American Tourister American Tourister Bag is a premium travel bag designed for performance and comfort.
P101769,Nike Air Max,Nike,Footwear,Sneakers,4003,INR,21,3162.37,4.0,2116,8464.0,In Stock,2024-09-30,Nike Nike Air Max is a premium sneakers designed for performance and comfort.
P101770,Adidas Ultraboost,Adidas,Footwear,Running Shoes,6681,INR,56,2939.64,4.2,3817,16031.4,In Stock,2026-04-01,Adidas Adidas Ultraboost is a premium running shoes designed for performance and comfort.
P101771,Adidas Ultraboost,Adidas,Footwear,Running Shoes,8551,INR,29,6071.21,3.9,1483,5783.7,Out of Stock,2025-07-09,Adidas Adidas Ultraboost is a premium running shoes designed for performance and comfort.
P101772,Levi's Jeans,Levi's,Fashion,Jeans,912,INR,10,820.8,4.4,3254,14317.6,Limited Stock,2025-03-24,Levi's Levi's Jeans is a premium jeans designed for performance and comfort.
P101773,Nike Air Max,Nike,Footwear,Sneakers,6950,INR,42,4031.0,4.8,4265,20472.0,In Stock,2024-08-31,Nike Nike Air Max is a premium sneakers designed for performance and comfort.
P101774,H&M Sweatshirt,H&M,Fashion,Sweatshirt,951,INR,66,323.34,4.5,95,427.5,Limited Stock,2026-04-19,H&M H&M Sweatshirt is a premium sweatshirt designed for performance and comfort.
P101775,Fossil Watch,Fossil,Accessories,Watch,2580,INR,56,1135.2,4.4,1066,4690.4,In Stock,2024-10-25,Fossil Fossil Watch is a premium watch designed for performance and comfort.
P101776,RayBan Sunglasses,RayBan,Accessories,Sunglasses,3230,INR,42,1873.4,3.5,1358,4753.0,Out of Stock,2025-11-16,RayBan RayBan Sunglasses is a premium sunglasses designed for performance and comfort.
P101777,Adidas Ultraboost,Adidas,Footwear,Running Shoes,9278,INR,47,4917.34,4.2,4533,19038.6,Out of Stock,2025-07-24,Adidas Adidas Ultraboost is a premium running shoes designed for performance and comfort.
P101778,Fossil Watch,Fossil,Accessories,Watch,4556,INR,60,1822.4,3.8,2158,8200.4,Limited Stock,2026-03-29,Fossil Fossil Watch is a premium watch designed for performance and comfort.
P101779,Puma Sneakers,Puma,Footwear,Sneakers,4804,INR,57,2065.72,4.0,1042,4168.0,Limited Stock,2025-09-17,Puma Puma Sneakers is a premium sneakers designed for performance and comfort.
P101780,Puma Jacket,Puma,Fashion,Jacket,1906,INR,5,1810.7,3.4,325,1105.0,Limited Stock,2025-10-20,Puma Puma Jacket is a premium jacket designed for performance and comfort.
P101781,H&M Sweatshirt,H&M,Fashion,Sweatshirt,2877,INR,13,2502.99,4.1,1881,7712.1,Limited Stock,2024-09-13,H&M H&M Sweatshirt is a premium sweatshirt designed for performance and comfort.
P101782,OnePlus 11,OnePlus,Electronics,Smartphone,27734,INR,33,18581.78,4.4,264,1161.6,Out of Stock,2025-09-01,OnePlus OnePlus 11 is a premium smartphone designed for performance and comfort.
P101783,RayBan Sunglasses,RayBan,Accessories,Sunglasses,6920,INR,59,2837.2,3.9,1557,6072.3,Out of Stock,2025-11-30,RayBan RayBan Sunglasses is a premium sunglasses designed for performance and comfort.
P101784,Wildcraft Backpack,Wildcraft,Accessories,Backpack,2560,INR,36,1638.4,3.2,2241,7171.2,Out of Stock,2026-04-10,Wildcraft Wildcraft Backpack is a premium backpack designed for performance and comfort.
P101785,Levi's Jeans,Levi's,Fashion,Jeans,3698,INR,41,2181.82,4.8,3149,15115.2,In Stock,2024-10-31,Levi's Levi's Jeans is a premium jeans designed for performance and comfort.
P101786,Reebok Shoes,Reebok,Footwear,Training Shoes,9987,INR,30,6990.9,4.0,1059,4236.0,Limited Stock,2024-12-02,Reebok Reebok Shoes is a premium training shoes designed for performance and comfort.
P101787,Zara Shirt,Zara,Fashion,Shirt,2494,INR,62,947.72,4.4,4819,21203.6,Limited Stock,2024-07-02,Zara Zara Shirt is a premium shirt designed for performance and comfort.
P101788,Wildcraft Backpack,Wildcraft,Accessories,Backpack,5832,INR,14,5015.52,4.7,4203,19754.1,Limited Stock,2025-06-21,Wildcraft Wildcraft Backpack is a premium backpack designed for performance and comfort.
P101789,Adidas Ultraboost,Adidas,Footwear,Running Shoes,3266,INR,8,3004.72,4.3,1309,5628.7,Out of Stock,2024-12-30,Adidas Adidas Ultraboost is a premium running shoes designed for performance and comfort.
P101790,Zara Shirt,Zara,Fashion,Shirt,3780,INR,39,2305.8,4.8,4052,19449.6,Out of Stock,2024-09-16,Zara Zara Shirt is a premium shirt designed for performance and comfort.
P101791,Levi's Jeans,Levi's,Fashion,Jeans,2778,INR,27,2027.94,4.3,3957,17015.1,In Stock,2024-09-19,Levi's Levi's Jeans is a premium jeans designed for performance and comfort.
P101792,H&M Sweatshirt,H&M,Fashion,Sweatshirt,4370,INR,51,2141.3,3.7,1911,7070.7,Out of Stock,2024-12-06,H&M H&M Sweatshirt is a premium sweatshirt designed for performance and comfort.
P101793,RayBan Sunglasses,RayBan,Accessories,Sunglasses,447,INR,41,263.73,3.5,4175,14612.5,Limited Stock,2024-09-21,RayBan RayBan Sunglasses is a premium sunglasses designed for performance and comfort.
P101794,RayBan Sunglasses,RayBan,Accessories,Sunglasses,2472,INR,61,964.08,3.8,971,3689.8,Limited Stock,2025-03-29,RayBan RayBan Sunglasses is a premium sunglasses designed for performance and comfort.
P101795,Nike T-shirt,Nike,Fashion,T-shirt,2836,INR,48,1474.72,3.4,608,2067.2,In Stock,2024-07-19,Nike Nike T-shirt is a premium t-shirt designed for performance and comfort.
P101796,Dell Laptop,Dell,Electronics,Laptop,62491,INR,58,26246.22,4.0,2067,8268.0,Out of Stock,2024-12-03,Dell Dell Laptop is a premium laptop designed for performance and comfort.
P101797,American Tourister Bag,American Tourister,Accessories,Travel Bag,4887,INR,61,1905.93,4.8,79,379.2,In Stock,2025-11-09,American Tourister American Tourister Bag is a premium travel bag designed for performance and comfort.
P101798,Reebok Shoes,Reebok,Footwear,Training Shoes,6986,INR,20,5588.8,4.8,4224,20275.2,Out of Stock,2026-03-15,Reebok Reebok Shoes is a premium training shoes designed for performance and comfort.
P101799,American Tourister Bag,American Tourister,Accessories,Travel Bag,2831,INR,61,1104.09,3.9,2808,10951.2,Limited Stock,2025-08-30,American Tourister American Tourister Bag is a premium travel bag designed for performance and comfort.
P101800,Fossil Watch,Fossil,Accessories,Watch,1931,INR,30,1351.7,3.2,2539,8124.8,In Stock,2025-02-03,Fossil Fossil Watch is a premium watch designed for performance and comfort.
P101801,Boat Earbuds,Boat,Electronics,Earbuds,60768,INR,38,37676.16,3.3,4656,15364.8,Limited Stock,2024-10-20,Boat Boat Earbuds is a premium earbuds designed for performance and comfort.
P101802,Wildcraft Backpack,Wildcraft,Accessories,Backpack,1197,INR,29,849.87,5.0,248,1240.0,Limited Stock,2025-07-26,Wildcraft Wildcraft Backpack is a premium backpack designed for performance and comfort.
P101803,Fossil Watch,Fossil,Accessories,Watch,2319,INR,41,1368.21,4.0,505,2020.0,In Stock,2025-02-24,Fossil Fossil Watch is a premium watch designed for performance and comfort.
P101804,Puma Sneakers,Puma,Footwear,Sneakers,9394,INR,60,3757.6,4.3,2131,9163.3,Out of Stock,2025-11-09,Puma Puma Sneakers is a premium sneakers designed for performance and comfort.
P101805,Fossil Watch,Fossil,Accessories,Watch,4171,INR,40,2502.6,4.4,4538,19967.2,In Stock,2024-09-09,Fossil Fossil Watch is a premium watch designed for performance and comfort.
P101806,Nike Air Max,Nike,Footwear,Sneakers,3296,INR,43,1878.72,4.4,3314,14581.6,In Stock,2025-08-13,Nike Nike Air Max is a premium sneakers designed for performance and comfort.
P101807,Adidas Ultraboost,Adidas,Footwear,Running Shoes,1328,INR,23,1022.56,3.4,72,244.8,Limited Stock,2025-03-31,Adidas Adidas Ultraboost is a premium running shoes designed for performance and comfort.
P101808,Reebok Shoes,Reebok,Footwear,Training Shoes,1869,INR,55,841.05,4.5,4813,21658.5,In Stock,2025-09-12,Reebok Reebok Shoes is a premium training shoes designed for performance and comfort.
P101809,Adidas Hoodie,Adidas,Fashion,Hoodie,2435,INR,16,2045.4,4.3,2597,11167.1,Limited Stock,2024-07-13,Adidas Adidas Hoodie is a premium hoodie designed for performance and comfort.
P101810,Samsung Galaxy S21,Samsung,Electronics,Smartphone,40911,INR,47,21682.83,4.1,2927,12000.7,Limited Stock,2025-04-20,Samsung Samsung Galaxy S21 is a premium smartphone designed for performance and comfort.
P101811,Nike Air Max,Nike,Footwear,Sneakers,8122,INR,43,4629.54,3.3,1339,4418.7,Out of Stock,2024-11-21,Nike Nike Air Max is a premium sneakers designed for performance and comfort.
P101812,Adidas Ultraboost,Adidas,Footwear,Running Shoes,5962,INR,63,2205.94,3.6,2121,7635.6,In Stock,2025-02-26,Adidas Adidas Ultraboost is a premium running shoes designed for performance and comfort.
P101813,Nike Air Max,Nike,Footwear,Sneakers,1755,INR,60,702.0,3.3,2379,7850.7,Out of Stock,2024-12-01,Nike Nike Air Max is a premium sneakers designed for performance and comfort.
P101814,RayBan Sunglasses,RayBan,Accessories,Sunglasses,4997,INR,6,4697.18,3.5,891,3118.5,In Stock,2026-02-20,RayBan RayBan Sunglasses is a premium sunglasses designed for performance and comfort.
P101815,Adidas Ultraboost,Adidas,Footwear,Running Shoes,9089,INR,35,5907.85,3.6,146,525.6,Out of Stock,2025-01-13,Adidas Adidas Ultraboost is a premium running shoes designed for performance and comfort.
P101816,Puma Sneakers,Puma,Footwear,Sneakers,4009,INR,20,3207.2,4.8,277,1329.6,In Stock,2024-11-09,Puma Puma Sneakers is a premium sneakers designed for performance and comfort.
P101817,HP Pavilion,HP,Electronics,Laptop,55006,INR,40,33003.6,3.2,2610,8352.0,In Stock,2025-10-01,HP HP Pavilion is a premium laptop designed for performance and comfort.
P101818,Puma Jacket,Puma,Fashion,Jacket,3128,INR,19,2533.68,4.5,2830,12735.0,Limited Stock,2024-06-11,Puma Puma Jacket is a premium jacket designed for performance and comfort.
P101819,Puma Sneakers,Puma,Footwear,Sneakers,2004,INR,32,1362.72,3.6,517,1861.2,In Stock,2025-01-11,Puma Puma Sneakers is a premium sneakers designed for performance and comfort.
P101820,Wildcraft Backpack,Wildcraft,Accessories,Backpack,1121,INR,41,661.39,3.8,2417,9184.6,In Stock,2025-07-08,Wildcraft Wildcraft Backpack is a premium backpack designed for performance and comfort.
P101821,RayBan Sunglasses,RayBan,Accessories,Sunglasses,4293,INR,18,3520.26,4.9,584,2861.6,Limited Stock,2024-06-25,RayBan RayBan Sunglasses is a premium sunglasses designed for performance and comfort.
P101822,Levi's Jeans,Levi's,Fashion,Jeans,4553,INR,10,4097.7,4.1,234,959.4,Limited Stock,2025-07-27,Levi's Levi's Jeans is a premium jeans designed for performance and comfort.
P101823,Wildcraft Backpack,Wildcraft,Accessories,Backpack,4417,INR,34,2915.22,3.2,2311,7395.2,Out of Stock,2025-05-15,Wildcraft Wildcraft Backpack is a premium backpack designed for performance and comfort.
P101824,OnePlus 11,OnePlus,Electronics,Smartphone,37280,INR,29,26468.8,4.9,3998,19590.2,In Stock,2025-04-08,OnePlus OnePlus 11 is a premium smartphone designed for performance and comfort.
P101825,Puma Jacket,Puma,Fashion,Jacket,1434,INR,59,587.94,3.4,4371,14861.4,Limited Stock,2026-01-03,Puma Puma Jacket is a premium jacket designed for performance and comfort.
P101826,Sony Headphones,Sony,Electronics,Headphones,75540,INR,7,70252.2,4.8,4028,19334.4,Out of Stock,2024-11-05,Sony Sony Headphones is a premium headphones designed for performance and comfort.
P101827,Wildcraft Backpack,Wildcraft,Accessories,Backpack,5719,INR,40,3431.4,4.1,3329,13648.9,In Stock,2025-07-30,Wildcraft Wildcraft Backpack is a premium backpack designed for performance and comfort.
P101828,Adidas Ultraboost,Adidas,Footwear,Running Shoes,6200,INR,25,4650.0,4.3,3287,14134.1,In Stock,2025-12-22,Adidas Adidas Ultraboost is a premium running shoes designed for performance and comfort.
P101829,Fossil Watch,Fossil,Accessories,Watch,6944,INR,51,3402.56,5.0,4199,20995.0,In Stock,2025-02-25,Fossil Fossil Watch is a premium watch designed for performance and comfort.
P101830,Dell Laptop,Dell,Electronics,Laptop,58076,INR,40,34845.6,4.4,1293,5689.2,Limited Stock,2026-01-28,Dell Dell Laptop is a premium laptop designed for performance and comfort.
P101831,Nike T-shirt,Nike,Fashion,T-shirt,3901,INR,12,3432.88,3.9,521,2031.9,In Stock,2025-05-14,Nike Nike T-shirt is a premium t-shirt designed for performance and comfort.
P101832,Wildcraft Backpack,Wildcraft,Accessories,Backpack,2435,INR,70,730.5,3.6,4014,14450.4,Limited Stock,2026-04-19,Wildcraft Wildcraft Backpack is a premium backpack designed for performance and comfort.
P101833,Reebok Shoes,Reebok,Footwear,Training Shoes,6549,INR,35,4256.85,3.7,2740,10138.0,Limited Stock,2024-10-23,Reebok Reebok Shoes is a premium training shoes designed for performance and comfort.
P101834,American Tourister Bag,American Tourister,Accessories,Travel Bag,2657,INR,29,1886.47,3.5,2044,7154.0,Out of Stock,2024-07-14,American Tourister American Tourister Bag is a premium travel bag designed for performance and comfort.
P101835,OnePlus 11,OnePlus,Electronics,Smartphone,57843,INR,51,28343.07,3.8,4063,15439.4,Limited Stock,2024-09-29,OnePlus OnePlus 11 is a premium smartphone designed for performance and comfort.
P101836,Wildcraft Backpack,Wildcraft,Accessories,Backpack,3923,INR,39,2393.03,4.0,2449,9796.0,Out of Stock,2025-08-31,Wildcraft Wildcraft Backpack is a premium backpack designed for performance and comfort.
P101837,RayBan Sunglasses,RayBan,Accessories,Sunglasses,6699,INR,49,3416.49,3.7,2506,9272.2,In Stock,2025-05-02,RayBan RayBan Sunglasses is a premium sunglasses designed for performance and comfort.
P101838,American Tourister Bag,American Tourister,Accessories,Travel Bag,5204,INR,48,2706.08,3.7,656,2427.2,Out of Stock,2026-01-01,American Tourister American Tourister Bag is a premium travel bag designed for performance and comfort.
P101839,Wildcraft Backpack,Wildcraft,Accessories,Backpack,3688,INR,16,3097.92,3.6,2047,7369.2,Limited Stock,2025-04-01,Wildcraft Wildcraft Backpack is a premium backpack designed for performance and comfort.
P101840,Adidas Hoodie,Adidas,Fashion,Hoodie,587,INR,43,334.59,4.0,1968,7872.0,Out of Stock,2025-09-13,Adidas Adidas Hoodie is a premium hoodie designed for performance and comfort.
P101841,American Tourister Bag,American Tourister,Accessories,Travel Bag,5074,INR,35,3298.1,5.0,3016,15080.0,Limited Stock,2025-10-19,American Tourister American Tourister Bag is a premium travel bag designed for performance and comfort.
P101842,American Tourister Bag,American Tourister,Accessories,Travel Bag,5865,INR,13,5102.55,4.0,3572,14288.0,Limited Stock,2025-12-04,American Tourister American Tourister Bag is a premium travel bag designed for performance and comfort.
P101843,Reebok Shoes,Reebok,Footwear,Training Shoes,7547,INR,40,4528.2,3.7,1774,6563.8,In Stock,2026-01-10,Reebok Reebok Shoes is a premium training shoes designed for performance and comfort.
P101844,Nike Air Max,Nike,Footwear,Sneakers,6244,INR,16,5244.96,3.7,3480,12876.0,In Stock,2024-12-06,Nike Nike Air Max is a premium sneakers designed for performance and comfort.
P101845,Dell Laptop,Dell,Electronics,Laptop,51001,INR,16,42840.84,3.8,4068,15458.4,Limited Stock,2024-11-30,Dell Dell Laptop is a premium laptop designed for performance and comfort.
P101846,Wildcraft Backpack,Wildcraft,Accessories,Backpack,1160,INR,23,893.2,3.8,3567,13554.6,Limited Stock,2025-05-07,Wildcraft Wildcraft Backpack is a premium backpack designed for performance and comfort.
P101847,RayBan Sunglasses,RayBan,Accessories,Sunglasses,1874,INR,19,1517.94,5.0,1994,9970.0,Limited Stock,2025-02-24,RayBan RayBan Sunglasses is a premium sunglasses designed for performance and comfort.
P101848,Reebok Shoes,Reebok,Footwear,Training Shoes,9195,INR,41,5425.05,3.3,3585,11830.5,Limited Stock,2025-07-23,Reebok Reebok Shoes is a premium training shoes designed for performance and comfort.
P101849,Levi's Jeans,Levi's,Fashion,Jeans,1516,INR,48,788.32,3.5,1263,4420.5,Limited Stock,2026-04-05,Levi's Levi's Jeans is a premium jeans designed for performance and comfort.
P101850,iPhone 13,Apple,Electronics,Smartphone,35523,INR,70,10656.9,4.6,1412,6495.2,Limited Stock,2024-06-09,Apple iPhone 13 is a premium smartphone designed for performance and comfort.
P101851,Nike Air Max,Nike,Footwear,Sneakers,1983,INR,14,1705.38,3.6,4016,14457.6,Limited Stock,2025-09-27,Nike Nike Air Max is a premium sneakers designed for performance and comfort.
P101852,HP Pavilion,HP,Electronics,Laptop,55115,INR,19,44643.15,3.3,1524,5029.2,Limited Stock,2024-05-13,HP HP Pavilion is a premium laptop designed for performance and comfort.
P101853,Fossil Watch,Fossil,Accessories,Watch,4472,INR,64,1609.92,4.5,3101,13954.5,In Stock,2025-09-06,Fossil Fossil Watch is a premium watch designed for performance and comfort.
P101854,Adidas Ultraboost,Adidas,Footwear,Running Shoes,1372,INR,23,1056.44,3.7,2339,8654.3,Out of Stock,2025-07-09,Adidas Adidas Ultraboost is a premium running shoes designed for performance and comfort.
P101855,H&M Sweatshirt,H&M,Fashion,Sweatshirt,2563,INR,47,1358.39,4.4,2004,8817.6,In Stock,2025-01-06,H&M H&M Sweatshirt is a premium sweatshirt designed for performance and comfort.
P101856,Sony Headphones,Sony,Electronics,Headphones,23933,INR,50,11966.5,3.6,3527,12697.2,Limited Stock,2026-02-10,Sony Sony Headphones is a premium headphones designed for performance and comfort.
P101857,iPhone 13,Apple,Electronics,Smartphone,39543,INR,23,30448.11,4.3,2857,12285.1,In Stock,2025-04-07,Apple iPhone 13 is a premium smartphone designed for performance and comfort.
P101858,Boat Earbuds,Boat,Electronics,Earbuds,19202,INR,16,16129.68,4.2,2053,8622.6,Out of Stock,2024-07-25,Boat Boat Earbuds is a premium earbuds designed for performance and comfort.
P101859,Reebok Shoes,Reebok,Footwear,Training Shoes,2000,INR,68,640.0,4.0,4561,18244.0,In Stock,2025-11-08,Reebok Reebok Shoes is a premium training shoes designed for performance and comfort.
P101860,American Tourister Bag,American Tourister,Accessories,Travel Bag,2553,INR,26,1889.22,3.9,2647,10323.3,Limited Stock,2024-10-28,American Tourister American Tourister Bag is a premium travel bag designed for performance and comfort.
P101861,H&M Sweatshirt,H&M,Fashion,Sweatshirt,4373,INR,25,3279.75,4.1,3331,13657.1,Out of Stock,2025-06-06,H&M H&M Sweatshirt is a premium sweatshirt designed for performance and comfort.
P101862,HP Pavilion,HP,Electronics,Laptop,42466,INR,47,22506.98,4.3,4894,21044.2,Limited Stock,2025-10-13,HP HP Pavilion is a premium laptop designed for performance and comfort.
P101863,Reebok Shoes,Reebok,Footwear,Training Shoes,8834,INR,47,4682.02,3.7,293,1084.1,Limited Stock,2026-04-10,Reebok Reebok Shoes is a premium training shoes designed for performance and comfort.
P101864,American Tourister Bag,American Tourister,Accessories,Travel Bag,4595,INR,26,3400.3,4.0,3740,14960.0,Limited Stock,2025-01-23,American Tourister American Tourister Bag is a premium travel bag designed for performance and comfort.
P101865,Fossil Watch,Fossil,Accessories,Watch,5736,INR,44,3212.16,3.8,1201,4563.8,Out of Stock,2025-04-02,Fossil Fossil Watch is a premium watch designed for performance and comfort.
P101866,Nike T-shirt,Nike,Fashion,T-shirt,2094,INR,63,774.78,3.9,2940,11466.0,Out of Stock,2024-06-17,Nike Nike T-shirt is a premium t-shirt designed for performance and comfort.
P101867,Adidas Ultraboost,Adidas,Footwear,Running Shoes,4653,INR,21,3675.87,3.3,796,2626.8,In Stock,2025-07-27,Adidas Adidas Ultraboost is a premium running shoes designed for performance and comfort.
P101868,Samsung Galaxy S21,Samsung,Electronics,Smartphone,68759,INR,25,51569.25,4.6,592,2723.2,In Stock,2026-02-06,Samsung Samsung Galaxy S21 is a premium smartphone designed for performance and comfort.
P101869,American Tourister Bag,American Tourister,Accessories,Travel Bag,3580,INR,48,1861.6,4.8,4218,20246.4,In Stock,2024-06-06,American Tourister American Tourister Bag is a premium travel bag designed for performance and comfort.
P101870,Levi's Jeans,Levi's,Fashion,Jeans,1097,INR,21,866.63,4.8,3813,18302.4,In Stock,2024-08-12,Levi's Levi's Jeans is a premium jeans designed for performance and comfort.
P101871,RayBan Sunglasses,RayBan,Accessories,Sunglasses,848,INR,13,737.76,4.9,4649,22780.1,In Stock,2025-12-24,RayBan RayBan Sunglasses is a premium sunglasses designed for performance and comfort.
P101872,Zara Shirt,Zara,Fashion,Shirt,1820,INR,14,1565.2,4.7,3550,16685.0,Limited Stock,2025-07-06,Zara Zara Shirt is a premium shirt designed for performance and comfort.
P101873,Puma Sneakers,Puma,Footwear,Sneakers,3347,INR,57,1439.21,3.9,1140,4446.0,Limited Stock,2024-06-07,Puma Puma Sneakers is a premium sneakers designed for performance and comfort.
P101874,Wildcraft Backpack,Wildcraft,Accessories,Backpack,503,INR,13,437.61,5.0,2529,12645.0,In Stock,2024-11-24,Wildcraft Wildcraft Backpack is a premium backpack designed for performance and comfort.
P101875,iPhone 13,Apple,Electronics,Smartphone,64226,INR,41,37893.34,4.0,297,1188.0,Limited Stock,2026-02-02,Apple iPhone 13 is a premium smartphone designed for performance and comfort.
P101876,Fossil Watch,Fossil,Accessories,Watch,5388,INR,19,4364.28,3.6,3762,13543.2,Out of Stock,2025-10-08,Fossil Fossil Watch is a premium watch designed for performance and comfort.
P101877,Samsung Galaxy S21,Samsung,Electronics,Smartphone,25331,INR,10,22797.9,3.6,438,1576.8,Out of Stock,2025-06-11,Samsung Samsung Galaxy S21 is a premium smartphone designed for performance and comfort.
P101878,Adidas Ultraboost,Adidas,Footwear,Running Shoes,1336,INR,28,961.92,4.1,912,3739.2,Out of Stock,2024-12-05,Adidas Adidas Ultraboost is a premium running shoes designed for performance and comfort.
P101879,Wildcraft Backpack,Wildcraft,Accessories,Backpack,4664,INR,48,2425.28,4.1,2876,11791.6,Limited Stock,2025-09-24,Wildcraft Wildcraft Backpack is a premium backpack designed for performance and comfort.
P101880,iPhone 13,Apple,Electronics,Smartphone,58605,INR,67,19339.65,4.2,2994,12574.8,In Stock,2025-05-08,Apple iPhone 13 is a premium smartphone designed for performance and comfort.
P101881,American Tourister Bag,American Tourister,Accessories,Travel Bag,4763,INR,38,2953.06,4.5,4468,20106.0,Limited Stock,2024-10-06,American Tourister American Tourister Bag is a premium travel bag designed for performance and comfort.
P101882,H&M Sweatshirt,H&M,Fashion,Sweatshirt,2126,INR,66,722.84,4.5,2650,11925.0,Limited Stock,2025-12-15,H&M H&M Sweatshirt is a premium sweatshirt designed for performance and comfort.
P101883,American Tourister Bag,American Tourister,Accessories,Travel Bag,1583,INR,7,1472.19,3.5,1934,6769.0,In Stock,2026-04-03,American Tourister American Tourister Bag is a premium travel bag designed for performance and comfort.
P101884,Nike Air Max,Nike,Footwear,Sneakers,6775,INR,29,4810.25,3.2,2093,6697.6,Out of Stock,2026-03-05,Nike Nike Air Max is a premium sneakers designed for performance and comfort.
P101885,Samsung Galaxy S21,Samsung,Electronics,Smartphone,45056,INR,64,16220.16,3.2,1890,6048.0,Out of Stock,2025-03-17,Samsung Samsung Galaxy S21 is a premium smartphone designed for performance and comfort.
P101886,Samsung Galaxy S21,Samsung,Electronics,Smartphone,52105,INR,9,47415.55,3.9,4725,18427.5,In Stock,2024-09-23,Samsung Samsung Galaxy S21 is a premium smartphone designed for performance and comfort.
P101887,Sony Headphones,Sony,Electronics,Headphones,60026,INR,11,53423.14,4.4,2490,10956.0,Limited Stock,2025-08-22,Sony Sony Headphones is a premium headphones designed for performance and comfort.
P101888,Nike Air Max,Nike,Footwear,Sneakers,1365,INR,21,1078.35,5.0,1253,6265.0,In Stock,2024-08-17,Nike Nike Air Max is a premium sneakers designed for performance and comfort.
P101889,Nike Air Max,Nike,Footwear,Sneakers,8830,INR,26,6534.2,4.6,2826,12999.6,Limited Stock,2025-04-16,Nike Nike Air Max is a premium sneakers designed for performance and comfort.
P101890,Fossil Watch,Fossil,Accessories,Watch,5591,INR,9,5087.81,4.3,2363,10160.9,In Stock,2024-12-25,Fossil Fossil Watch is a premium watch designed for performance and comfort.
P101891,Reebok Shoes,Reebok,Footwear,Training Shoes,6681,INR,33,4476.27,4.5,760,3420.0,Out of Stock,2026-03-14,Reebok Reebok Shoes is a premium training shoes designed for performance and comfort.
P101892,Fossil Watch,Fossil,Accessories,Watch,3520,INR,42,2041.6,4.3,3966,17053.8,In Stock,2026-01-22,Fossil Fossil Watch is a premium watch designed for performance and comfort.
P101893,Fossil Watch,Fossil,Accessories,Watch,6176,INR,56,2717.44,3.6,705,2538.0,In Stock,2025-09-02,Fossil Fossil Watch is a premium watch designed for performance and comfort.
P101894,Puma Sneakers,Puma,Footwear,Sneakers,5532,INR,29,3927.72,4.2,4676,19639.2,Out of Stock,2025-10-21,Puma Puma Sneakers is a premium sneakers designed for performance and comfort.
P101895,iPhone 13,Apple,Electronics,Smartphone,72487,INR,36,46391.68,3.4,1377,4681.8,Out of Stock,2025-01-06,Apple iPhone 13 is a premium smartphone designed for performance and comfort.
P101896,H&M Sweatshirt,H&M,Fashion,Sweatshirt,3860,INR,32,2624.8,4.3,3900,16770.0,In Stock,2025-04-17,H&M H&M Sweatshirt is a premium sweatshirt designed for performance and comfort.
P101897,Zara Shirt,Zara,Fashion,Shirt,636,INR,53,298.92,4.1,3222,13210.2,In Stock,2025-01-28,Zara Zara Shirt is a premium shirt designed for performance and comfort.
P101898,Adidas Hoodie,Adidas,Fashion,Hoodie,1090,INR,11,970.1,3.8,4750,18050.0,In Stock,2025-05-30,Adidas Adidas Hoodie is a premium hoodie designed for performance and comfort.
P101899,Boat Earbuds,Boat,Electronics,Earbuds,67924,INR,51,33282.76,4.2,3278,13767.6,Out of Stock,2024-12-17,Boat Boat Earbuds is a premium earbuds designed for performance and comfort.
P101900,Levi's Jeans,Levi's,Fashion,Jeans,2979,INR,52,1429.92,4.6,1815,8349.0,Out of Stock,2025-04-26,Levi's Levi's Jeans is a premium jeans designed for performance and comfort.
P101901,Levi's Jeans,Levi's,Fashion,Jeans,2294,INR,40,1376.4,4.9,2972,14562.8,Limited Stock,2025-07-30,Levi's Levi's Jeans is a premium jeans designed for performance and comfort.
P101902,RayBan Sunglasses,RayBan,Accessories,Sunglasses,636,INR,16,534.24,3.6,2020,7272.0,In Stock,2025-05-24,RayBan RayBan Sunglasses is a premium sunglasses designed for performance and comfort.
P101903,Boat Earbuds,Boat,Electronics,Earbuds,70575,INR,41,41639.25,4.0,3838,15352.0,In Stock,2024-10-04,Boat Boat Earbuds is a premium earbuds designed for performance and comfort.
P101904,Reebok Shoes,Reebok,Footwear,Training Shoes,7741,INR,15,6579.85,4.5,3037,13666.5,Out of Stock,2026-03-15,Reebok Reebok Shoes is a premium training shoes designed for performance and comfort.
P101905,Adidas Ultraboost,Adidas,Footwear,Running Shoes,5479,INR,47,2903.87,4.0,688,2752.0,Limited Stock,2025-05-24,Adidas Adidas Ultraboost is a premium running shoes designed for performance and comfort.
P101906,Puma Sneakers,Puma,Footwear,Sneakers,6751,INR,19,5468.31,4.1,2121,8696.1,In Stock,2024-05-02,Puma Puma Sneakers is a premium sneakers designed for performance and comfort.
P101907,American Tourister Bag,American Tourister,Accessories,Travel Bag,4252,INR,33,2848.84,4.7,4768,22409.6,Out of Stock,2024-10-20,American Tourister American Tourister Bag is a premium travel bag designed for performance and comfort.
P101908,HP Pavilion,HP,Electronics,Laptop,18972,INR,17,15746.76,3.6,3577,12877.2,Out of Stock,2025-07-10,HP HP Pavilion is a premium laptop designed for performance and comfort.
P101909,Adidas Ultraboost,Adidas,Footwear,Running Shoes,4342,INR,64,1563.12,4.1,4292,17597.2,In Stock,2025-11-21,Adidas Adidas Ultraboost is a premium running shoes designed for performance and comfort.
P101910,RayBan Sunglasses,RayBan,Accessories,Sunglasses,3798,INR,13,3304.26,4.4,2456,10806.4,In Stock,2025-06-13,RayBan RayBan Sunglasses is a premium sunglasses designed for performance and comfort.
P101911,Puma Sneakers,Puma,Footwear,Sneakers,3329,INR,19,2696.49,4.5,3330,14985.0,Out of Stock,2025-12-14,Puma Puma Sneakers is a premium sneakers designed for performance and comfort.
P101912,Zara Shirt,Zara,Fashion,Shirt,1921,INR,23,1479.17,3.3,1160,3828.0,In Stock,2026-01-02,Zara Zara Shirt is a premium shirt designed for performance and comfort.
P101913,iPhone 13,Apple,Electronics,Smartphone,63154,INR,6,59364.76,4.8,4711,22612.8,Out of Stock,2025-11-14,Apple iPhone 13 is a premium smartphone designed for performance and comfort.
P101914,Fossil Watch,Fossil,Accessories,Watch,1406,INR,34,927.96,4.9,676,3312.4,In Stock,2025-11-30,Fossil Fossil Watch is a premium watch designed for performance and comfort.
P101915,Puma Jacket,Puma,Fashion,Jacket,1058,INR,9,962.78,4.9,4481,21956.9,Out of Stock,2024-06-09,Puma Puma Jacket is a premium jacket designed for performance and comfort.
P101916,HP Pavilion,HP,Electronics,Laptop,35908,INR,38,22262.96,3.3,4902,16176.6,Limited Stock,2024-10-27,HP HP Pavilion is a premium laptop designed for performance and comfort.
P101917,Adidas Ultraboost,Adidas,Footwear,Running Shoes,7429,INR,53,3491.63,3.3,166,547.8,In Stock,2024-05-25,Adidas Adidas Ultraboost is a premium running shoes designed for performance and comfort.
P101918,Zara Shirt,Zara,Fashion,Shirt,536,INR,8,493.12,3.8,2937,11160.6,In Stock,2026-01-11,Zara Zara Shirt is a premium shirt designed for performance and comfort.
P101919,American Tourister Bag,American Tourister,Accessories,Travel Bag,3509,INR,46,1894.86,4.4,964,4241.6,Limited Stock,2025-01-04,American Tourister American Tourister Bag is a premium travel bag designed for performance and comfort.
P101920,RayBan Sunglasses,RayBan,Accessories,Sunglasses,6747,INR,57,2901.21,4.2,4329,18181.8,In Stock,2025-01-31,RayBan RayBan Sunglasses is a premium sunglasses designed for performance and comfort.
P101921,Boat Earbuds,Boat,Electronics,Earbuds,70943,INR,58,29796.06,3.9,1480,5772.0,In Stock,2024-06-15,Boat Boat Earbuds is a premium earbuds designed for performance and comfort.
P101922,RayBan Sunglasses,RayBan,Accessories,Sunglasses,801,INR,31,552.69,3.6,579,2084.4,In Stock,2025-06-22,RayBan RayBan Sunglasses is a premium sunglasses designed for performance and comfort.
P101923,Puma Jacket,Puma,Fashion,Jacket,3047,INR,52,1462.56,4.0,2280,9120.0,Limited Stock,2024-10-28,Puma Puma Jacket is a premium jacket designed for performance and comfort.
P101924,Wildcraft Backpack,Wildcraft,Accessories,Backpack,4026,INR,6,3784.44,3.4,2158,7337.2,Out of Stock,2025-05-03,Wildcraft Wildcraft Backpack is a premium backpack designed for performance and comfort.
P101925,Wildcraft Backpack,Wildcraft,Accessories,Backpack,3418,INR,35,2221.7,4.1,4951,20299.1,Out of Stock,2024-06-13,Wildcraft Wildcraft Backpack is a premium backpack designed for performance and comfort.
P101926,HP Pavilion,HP,Electronics,Laptop,44359,INR,45,24397.45,3.9,3977,15510.3,In Stock,2025-06-14,HP HP Pavilion is a premium laptop designed for performance and comfort.
P101927,Reebok Shoes,Reebok,Footwear,Training Shoes,8170,INR,57,3513.1,4.3,2738,11773.4,Out of Stock,2025-03-08,Reebok Reebok Shoes is a premium training shoes designed for performance and comfort.
P101928,RayBan Sunglasses,RayBan,Accessories,Sunglasses,4924,INR,14,4234.64,3.5,3785,13247.5,Limited Stock,2024-12-25,RayBan RayBan Sunglasses is a premium sunglasses designed for performance and comfort.
P101929,Sony Headphones,Sony,Electronics,Headphones,29938,INR,33,20058.46,3.9,2143,8357.7,In Stock,2024-07-29,Sony Sony Headphones is a premium headphones designed for performance and comfort.
P101930,Nike Air Max,Nike,Footwear,Sneakers,4762,INR,55,2142.9,4.1,3085,12648.5,Limited Stock,2024-06-14,Nike Nike Air Max is a premium sneakers designed for performance and comfort.
P101931,RayBan Sunglasses,RayBan,Accessories,Sunglasses,4016,INR,64,1445.76,4.7,2132,10020.4,Out of Stock,2025-04-15,RayBan RayBan Sunglasses is a premium sunglasses designed for performance and comfort.
P101932,Nike Air Max,Nike,Footwear,Sneakers,1693,INR,62,643.34,4.9,2654,13004.6,Limited Stock,2025-12-05,Nike Nike Air Max is a premium sneakers designed for performance and comfort.
P101933,RayBan Sunglasses,RayBan,Accessories,Sunglasses,2376,INR,48,1235.52,4.6,311,1430.6,Out of Stock,2024-05-31,RayBan RayBan Sunglasses is a premium sunglasses designed for performance and comfort.
P101934,American Tourister Bag,American Tourister,Accessories,Travel Bag,1831,INR,34,1208.46,4.5,2998,13491.0,In Stock,2025-02-27,American Tourister American Tourister Bag is a premium travel bag designed for performance and comfort.
P101935,Sony Headphones,Sony,Electronics,Headphones,70468,INR,30,49327.6,3.8,1081,4107.8,In Stock,2024-11-22,Sony Sony Headphones is a premium headphones designed for performance and comfort.
P101936,Puma Sneakers,Puma,Footwear,Sneakers,4749,INR,50,2374.5,3.6,844,3038.4,Out of Stock,2024-05-13,Puma Puma Sneakers is a premium sneakers designed for performance and comfort.
P101937,H&M Sweatshirt,H&M,Fashion,Sweatshirt,1589,INR,49,810.39,4.2,2468,10365.6,Out of Stock,2025-01-17,H&M H&M Sweatshirt is a premium sweatshirt designed for performance and comfort.
P101938,Nike Air Max,Nike,Footwear,Sneakers,2447,INR,53,1150.09,4.0,4285,17140.0,Limited Stock,2025-11-09,Nike Nike Air Max is a premium sneakers designed for performance and comfort.
P101939,Reebok Shoes,Reebok,Footwear,Training Shoes,9121,INR,61,3557.19,4.6,1396,6421.6,Out of Stock,2024-12-30,Reebok Reebok Shoes is a premium training shoes designed for performance and comfort.
P101940,RayBan Sunglasses,RayBan,Accessories,Sunglasses,6724,INR,70,2017.2,4.5,1104,4968.0,Limited Stock,2026-04-07,RayBan RayBan Sunglasses is a premium sunglasses designed for performance and comfort.
P101941,Reebok Shoes,Reebok,Footwear,Training Shoes,9334,INR,16,7840.56,5.0,2257,11285.0,Limited Stock,2025-06-17,Reebok Reebok Shoes is a premium training shoes designed for performance and comfort.
P101942,RayBan Sunglasses,RayBan,Accessories,Sunglasses,708,INR,10,637.2,3.8,3789,14398.2,In Stock,2024-12-15,RayBan RayBan Sunglasses is a premium sunglasses designed for performance and comfort.
P101943,Wildcraft Backpack,Wildcraft,Accessories,Backpack,2723,INR,59,1116.43,4.3,3234,13906.2,In Stock,2025-03-24,Wildcraft Wildcraft Backpack is a premium backpack designed for performance and comfort.
P101944,RayBan Sunglasses,RayBan,Accessories,Sunglasses,6815,INR,57,2930.45,4.5,1000,4500.0,Out of Stock,2024-12-05,RayBan RayBan Sunglasses is a premium sunglasses designed for performance and comfort.
P101945,Nike Air Max,Nike,Footwear,Sneakers,3454,INR,16,2901.36,4.5,2522,11349.0,In Stock,2025-10-01,Nike Nike Air Max is a premium sneakers designed for performance and comfort.
P101946,OnePlus 11,OnePlus,Electronics,Smartphone,56881,INR,66,19339.54,4.9,2666,13063.4,Out of Stock,2024-10-05,OnePlus OnePlus 11 is a premium smartphone designed for performance and comfort.
P101947,Wildcraft Backpack,Wildcraft,Accessories,Backpack,4292,INR,8,3948.64,4.1,3218,13193.8,Limited Stock,2026-03-02,Wildcraft Wildcraft Backpack is a premium backpack designed for performance and comfort.
P101948,Adidas Ultraboost,Adidas,Footwear,Running Shoes,3325,INR,69,1030.75,3.6,3664,13190.4,Out of Stock,2025-12-04,Adidas Adidas Ultraboost is a premium running shoes designed for performance and comfort.
P101949,Nike T-shirt,Nike,Fashion,T-shirt,4406,INR,24,3348.56,4.4,4421,19452.4,In Stock,2025-01-18,Nike Nike T-shirt is a premium t-shirt designed for performance and comfort.
P101950,Wildcraft Backpack,Wildcraft,Accessories,Backpack,836,INR,8,769.12,4.8,4989,23947.2,Out of Stock,2025-04-05,Wildcraft Wildcraft Backpack is a premium backpack designed for performance and comfort.
P101951,Sony Headphones,Sony,Electronics,Headphones,45228,INR,70,13568.4,4.3,2363,10160.9,Out of Stock,2026-04-04,Sony Sony Headphones is a premium headphones designed for performance and comfort.
P101952,RayBan Sunglasses,RayBan,Accessories,Sunglasses,5822,INR,37,3667.86,4.2,3108,13053.6,In Stock,2025-04-13,RayBan RayBan Sunglasses is a premium sunglasses designed for performance and comfort.
P101953,Wildcraft Backpack,Wildcraft,Accessories,Backpack,1691,INR,29,1200.61,3.8,1159,4404.2,In Stock,2024-06-19,Wildcraft Wildcraft Backpack is a premium backpack designed for performance and comfort.
P101954,Levi's Jeans,Levi's,Fashion,Jeans,1578,INR,64,568.08,3.4,3461,11767.4,Out of Stock,2026-03-01,Levi's Levi's Jeans is a premium jeans designed for performance and comfort.
P101955,Reebok Shoes,Reebok,Footwear,Training Shoes,6014,INR,26,4450.36,3.3,3516,11602.8,Limited Stock,2025-01-29,Reebok Reebok Shoes is a premium training shoes designed for performance and comfort.
P101956,Wildcraft Backpack,Wildcraft,Accessories,Backpack,5095,INR,22,3974.1,3.3,3134,10342.2,Out of Stock,2024-05-26,Wildcraft Wildcraft Backpack is a premium backpack designed for performance and comfort.
P101957,Zara Shirt,Zara,Fashion,Shirt,4153,INR,34,2740.98,4.8,109,523.2,Limited Stock,2024-07-01,Zara Zara Shirt is a premium shirt designed for performance and comfort.
P101958,Levi's Jeans,Levi's,Fashion,Jeans,610,INR,63,225.7,4.5,4251,19129.5,In Stock,2025-09-25,Levi's Levi's Jeans is a premium jeans designed for performance and comfort.
P101959,Nike T-shirt,Nike,Fashion,T-shirt,2777,INR,58,1166.34,5.0,1751,8755.0,In Stock,2025-05-23,Nike Nike T-shirt is a premium t-shirt designed for performance and comfort.
P101960,Boat Earbuds,Boat,Electronics,Earbuds,40401,INR,25,30300.75,3.7,442,1635.4,Limited Stock,2026-04-16,Boat Boat Earbuds is a premium earbuds designed for performance and comfort.
P101961,Puma Sneakers,Puma,Footwear,Sneakers,1824,INR,23,1404.48,4.9,1780,8722.0,In Stock,2025-12-11,Puma Puma Sneakers is a premium sneakers designed for performance and comfort.
P101962,HP Pavilion,HP,Electronics,Laptop,66018,INR,36,42251.52,3.6,2391,8607.6,Out of Stock,2025-04-15,HP HP Pavilion is a premium laptop designed for performance and comfort.
P101963,Reebok Shoes,Reebok,Footwear,Training Shoes,4420,INR,54,2033.2,3.8,3227,12262.6,Limited Stock,2024-06-23,Reebok Reebok Shoes is a premium training shoes designed for performance and comfort.
P101964,Boat Earbuds,Boat,Electronics,Earbuds,62149,INR,57,26724.07,3.3,3827,12629.1,Limited Stock,2026-01-16,Boat Boat Earbuds is a premium earbuds designed for performance and comfort.
P101965,Levi's Jeans,Levi's,Fashion,Jeans,886,INR,34,584.76,4.4,1418,6239.2,In Stock,2026-04-18,Levi's Levi's Jeans is a premium jeans designed for performance and comfort.
P101966,Puma Jacket,Puma,Fashion,Jacket,1737,INR,46,937.98,3.8,3455,13129.0,Out of Stock,2025-11-20,Puma Puma Jacket is a premium jacket designed for performance and comfort.
P101967,Zara Shirt,Zara,Fashion,Shirt,1528,INR,55,687.6,4.7,2357,11077.9,Limited Stock,2025-07-11,Zara Zara Shirt is a premium shirt designed for performance and comfort.
P101968,H&M Sweatshirt,H&M,Fashion,Sweatshirt,2254,INR,20,1803.2,3.7,4784,17700.8,In Stock,2025-04-11,H&M H&M Sweatshirt is a premium sweatshirt designed for performance and comfort.
P101969,Adidas Ultraboost,Adidas,Footwear,Running Shoes,3263,INR,57,1403.09,4.2,4383,18408.6,Limited Stock,2024-05-13,Adidas Adidas Ultraboost is a premium running shoes designed for performance and comfort.
P101970,Samsung Galaxy S21,Samsung,Electronics,Smartphone,52519,INR,39,32036.59,3.6,371,1335.6,Out of Stock,2026-04-12,Samsung Samsung Galaxy S21 is a premium smartphone designed for performance and comfort.
P101971,iPhone 13,Apple,Electronics,Smartphone,73717,INR,61,28749.63,3.2,2386,7635.2,In Stock,2024-12-09,Apple iPhone 13 is a premium smartphone designed for performance and comfort.
P101972,RayBan Sunglasses,RayBan,Accessories,Sunglasses,5407,INR,27,3947.11,4.5,2560,11520.0,In Stock,2025-04-22,RayBan RayBan Sunglasses is a premium sunglasses designed for performance and comfort.
P101973,Zara Shirt,Zara,Fashion,Shirt,521,INR,64,187.56,4.2,4371,18358.2,Out of Stock,2026-03-27,Zara Zara Shirt is a premium shirt designed for performance and comfort.
P101974,American Tourister Bag,American Tourister,Accessories,Travel Bag,5170,INR,32,3515.6,4.0,2408,9632.0,Limited Stock,2025-02-13,American Tourister American Tourister Bag is a premium travel bag designed for performance and comfort.
P101975,Wildcraft Backpack,Wildcraft,Accessories,Backpack,2172,INR,7,2019.96,3.8,2729,10370.2,Limited Stock,2025-01-14,Wildcraft Wildcraft Backpack is a premium backpack designed for performance and comfort.
P101976,iPhone 13,Apple,Electronics,Smartphone,23336,INR,45,12834.8,3.9,268,1045.2,Limited Stock,2025-07-16,Apple iPhone 13 is a premium smartphone designed for performance and comfort.
P101977,Reebok Shoes,Reebok,Footwear,Training Shoes,9470,INR,49,4829.7,4.3,1975,8492.5,Out of Stock,2025-08-27,Reebok Reebok Shoes is a premium training shoes designed for performance and comfort.
P101978,Puma Sneakers,Puma,Footwear,Sneakers,8801,INR,29,6248.71,3.7,3966,14674.2,Limited Stock,2026-03-10,Puma Puma Sneakers is a premium sneakers designed for performance and comfort.
P101979,Wildcraft Backpack,Wildcraft,Accessories,Backpack,1589,INR,50,794.5,4.3,2247,9662.1,In Stock,2025-11-23,Wildcraft Wildcraft Backpack is a premium backpack designed for performance and comfort.
P101980,Adidas Ultraboost,Adidas,Footwear,Running Shoes,4117,INR,38,2552.54,4.2,4370,18354.0,In Stock,2024-09-29,Adidas Adidas Ultraboost is a premium running shoes designed for performance and comfort.
P101981,H&M Sweatshirt,H&M,Fashion,Sweatshirt,3977,INR,60,1590.8,4.6,2674,12300.4,In Stock,2025-01-10,H&M H&M Sweatshirt is a premium sweatshirt designed for performance and comfort.
P101982,Dell Laptop,Dell,Electronics,Laptop,35506,INR,66,12072.04,4.3,2846,12237.8,Out of Stock,2025-03-13,Dell Dell Laptop is a premium laptop designed for performance and comfort.
P101983,Wildcraft Backpack,Wildcraft,Accessories,Backpack,5291,INR,10,4761.9,3.4,3951,13433.4,In Stock,2025-03-15,Wildcraft Wildcraft Backpack is a premium backpack designed for performance and comfort.
P101984,RayBan Sunglasses,RayBan,Accessories,Sunglasses,1798,INR,37,1132.74,4.0,866,3464.0,Limited Stock,2024-09-07,RayBan RayBan Sunglasses is a premium sunglasses designed for performance and comfort.
P101985,iPhone 13,Apple,Electronics,Smartphone,18127,INR,43,10332.39,4.4,2704,11897.6,In Stock,2024-10-14,Apple iPhone 13 is a premium smartphone designed for performance and comfort.
P101986,OnePlus 11,OnePlus,Electronics,Smartphone,61131,INR,36,39123.84,3.5,3614,12649.0,Out of Stock,2025-04-29,OnePlus OnePlus 11 is a premium smartphone designed for performance and comfort.
P101987,Nike Air Max,Nike,Footwear,Sneakers,1314,INR,40,788.4,4.6,2636,12125.6,Limited Stock,2026-03-06,Nike Nike Air Max is a premium sneakers designed for performance and comfort.
P101988,Reebok Shoes,Reebok,Footwear,Training Shoes,5662,INR,8,5209.04,4.4,1332,5860.8,In Stock,2025-05-25,Reebok Reebok Shoes is a premium training shoes designed for performance and comfort.
P101989,OnePlus 11,OnePlus,Electronics,Smartphone,58699,INR,46,31697.46,4.4,193,849.2,In Stock,2025-02-19,OnePlus OnePlus 11 is a premium smartphone designed for performance and comfort.
P101990,Dell Laptop,Dell,Electronics,Laptop,14588,INR,50,7294.0,4.7,2543,11952.1,In Stock,2025-11-18,Dell Dell Laptop is a premium laptop designed for performance and comfort.
P101991,Fossil Watch,Fossil,Accessories,Watch,6997,INR,20,5597.6,3.7,4719,17460.3,In Stock,2024-07-07,Fossil Fossil Watch is a premium watch designed for performance and comfort.
P101992,Puma Sneakers,Puma,Footwear,Sneakers,9628,INR,30,6739.6,4.2,3299,13855.8,Out of Stock,2024-07-24,Puma Puma Sneakers is a premium sneakers designed for performance and comfort.
P101993,Nike Air Max,Nike,Footwear,Sneakers,3109,INR,49,1585.59,3.5,1250,4375.0,In Stock,2025-03-31,Nike Nike Air Max is a premium sneakers designed for performance and comfort.
P101994,American Tourister Bag,American Tourister,Accessories,Travel Bag,5593,INR,61,2181.27,4.8,3902,18729.6,Limited Stock,2025-06-02,American Tourister American Tourister Bag is a premium travel bag designed for performance and comfort.
P101995,H&M Sweatshirt,H&M,Fashion,Sweatshirt,3319,INR,62,1261.22,3.8,4201,15963.8,Limited Stock,2024-09-17,H&M H&M Sweatshirt is a premium sweatshirt designed for performance and comfort.
P101996,Puma Jacket,Puma,Fashion,Jacket,1436,INR,69,445.16,4.0,1580,6320.0,Limited Stock,2024-07-18,Puma Puma Jacket is a premium jacket designed for performance and comfort.
P101997,Dell Laptop,Dell,Electronics,Laptop,63410,INR,66,21559.4,4.0,75,300.0,Out of Stock,2025-03-02,Dell Dell Laptop is a premium laptop designed for performance and comfort.
P101998,H&M Sweatshirt,H&M,Fashion,Sweatshirt,914,INR,20,731.2,5.0,2863,14315.0,Out of Stock,2024-07-19,H&M H&M Sweatshirt is a premium sweatshirt designed for performance and comfort.
P101999,Puma Sneakers,Puma,Footwear,Sneakers,8941,INR,14,7689.26,4.4,4223,18581.2,In Stock,2024-07-16,Puma Puma Sneakers is a premium sneakers designed for performance and comfort.
